id,cost,status,xloc,yloc
3,0,0,1116622.99,-4493479.31
30,7527.2748438,3,1110622.99,-4496943.41162
56,37349.0750781,0,1092622.99,-4500407.51323
58,16959.0208122,0,1116622.99,-4500407.51323
84,34220.2559424,0,1098622.99,-4503871.61485
85,178907.5836914,0,1110622.99,-4503871.61485
86,9653.2530566,0,1122622.99,-4503871.61485
111,71547.6301953,0,1092622.99,-4507335.71646
112,29790.9927136,0,1104622.99,-4507335.71646
113,88162.0766162,0,1116622.99,-4507335.71646
138,27.4206055,0,1086622.99,-4510799.81808
139,98930.1047253,0,1098622.99,-4510799.81808
140,32979.4437345,0,1110622.99,-4510799.81808
141,26320.4223633,0,1122622.99,-4510799.81808
166,0,0,1092622.99,-4514263.91969
167,407580.8838721,0,1104622.99,-4514263.91969
168,71993.4505143,0,1116622.99,-4514263.91969
170,44049.8231982,0,1140622.99,-4514263.91969
194,103923.0484546,0,1098622.99,-4517728.02131
195,103923.0484546,0,1110622.99,-4517728.02131
196,31130.0975502,0,1122622.99,-4517728.02131
197,21379.6571484,0,1134622.99,-4517728.02131
198,1594.237085,0,1146622.99,-4517728.02131
221,163331.7180933,0,1092622.99,-4521192.12292
222,207846.0969116,0,1104622.99,-4521192.12292
223,138564.0646045,0,1116622.99,-4521192.12292
224,57051.8537244,0,1128622.99,-4521192.12292
225,25598.5119491,0,1140622.99,-4521192.12292
248,30004.7358643,0,1086622.99,-4524656.22454
249,207846.0969067,0,1098622.99,-4524656.22454
250,207846.0969067,0,1110622.99,-4524656.22454
251,205446.8315332,0,1122622.99,-4524656.22454
252,407480.2599902,0,1134622.99,-4524656.22454
253,63480.3030762,0,1146622.99,-4524656.22454
275,10980.8104867,0,1080622.99,-4528120.32615
276,103923.0484546,0,1092622.99,-4528120.32615
277,207846.0969067,0,1104622.99,-4528120.32615
278,138564.0646045,0,1116622.99,-4528120.32615
279,103923.0484534,0,1128622.99,-4528120.32615
280,103785.8567859,0,1140622.99,-4528120.32615
281,34417.4972253,0,1152622.99,-4528120.32615
303,137362.2950146,0,1086622.99,-4531584.42777
304,103923.0484546,0,1098622.99,-4531584.42777
305,103923.0484534,0,1110622.99,-4531584.42777
306,103923.0484546,0,1122622.99,-4531584.42777
307,207846.0969092,0,1134622.99,-4531584.42777
308,138564.0646045,0,1146622.99,-4531584.42777
309,30439.0149468,0,1158622.99,-4531584.42777
330,70383.2408447,0,1080622.99,-4535048.52938
331,207846.0969116,0,1092622.99,-4535048.52938
332,415692.1938135,0,1104622.99,-4535048.52938
333,207846.0969116,0,1116622.99,-4535048.52938
334,207846.0969092,0,1128622.99,-4535048.52938
335,207846.0969092,0,1140622.99,-4535048.52938
336,207846.0969092,0,1152622.99,-4535048.52938
337,142145.6547705,0,1164622.99,-4535048.52938
358,138564.0646061,0,1086622.99,-4538512.631
359,103923.0484534,0,1098622.99,-4538512.631
360,103923.0484546,0,1110622.99,-4538512.631
361,103923.0484558,0,1122622.99,-4538512.631
362,207846.0969067,0,1134622.99,-4538512.631
363,138564.0646045,0,1146622.99,-4538512.631
364,103923.0484546,0,1158622.99,-4538512.631
365,36818.1058213,0,1170622.99,-4538512.631
382,13400.7087988,0,1374622.99,-4538512.631
385,22929.027998,0,1080622.99,-4541976.73261
386,103923.0484558,0,1092622.99,-4541976.73261
387,207846.0969067,0,1104622.99,-4541976.73261
388,138564.0646061,0,1116622.99,-4541976.73261
389,103923.0484534,0,1128622.99,-4541976.73261
390,103923.0484534,0,1140622.99,-4541976.73261
391,103923.048457,0,1152622.99,-4541976.73261
392,207846.0969043,0,1164622.99,-4541976.73261
393,95272.9472876,0,1176622.99,-4541976.73261
407,15719.6840967,0,1344622.99,-4541976.73261
409,22810.9727627,0,1368622.99,-4541976.73261
410,2527.6618823,0,1380622.99,-4541976.73261
413,154212.6173486,0,1086622.99,-4545440.83423
414,207846.0969092,0,1098622.99,-4545440.83423
415,207846.0969116,0,1110622.99,-4545440.83423
416,207846.0969092,0,1122622.99,-4545440.83423
417,415692.1938184,0,1134622.99,-4545440.83423
418,207846.0969092,2,1146622.99,-4545440.83423
419,207846.0969067,0,1158622.99,-4545440.83423
420,207846.0969067,0,1170622.99,-4545440.83423
421,9418.1276807,0,1182622.99,-4545440.83423
434,7443.5094019,0,1338622.99,-4545440.83423
437,382046.165293,0,1374622.99,-4545440.83423
441,103923.0484558,0,1092622.99,-4548904.93584
442,207846.0969067,0,1104622.99,-4548904.93584
443,138564.0646061,0,1116622.99,-4548904.93584
444,103923.0484534,0,1128622.99,-4548904.93584
445,103923.0484534,0,1140622.99,-4548904.93584
446,103923.0484546,0,1152622.99,-4548904.93584
447,207846.0969165,0,1164622.99,-4548904.93584
448,137632.4581494,0,1176622.99,-4548904.93584
449,9998.4045605,0,1188622.99,-4548904.93584
462,125203.1635181,0,1344622.99,-4548904.93584
464,82198.6704578,0,1368622.99,-4548904.93584
465,77715.0079651,0,1380622.99,-4548904.93584
468,142206.1246582,0,1086622.99,-4552369.03746
469,103923.0484534,0,1098622.99,-4552369.03746
470,103923.0484509,0,1110622.99,-4552369.03746
471,103923.0484546,0,1122622.99,-4552369.03746
472,207846.0969092,0,1134622.99,-4552369.03746
473,138564.0646061,0,1146622.99,-4552369.03746
474,103923.0484521,0,1158622.99,-4552369.03746
475,103923.0484558,0,1170622.99,-4552369.03746
476,88130.0504431,0,1182622.99,-4552369.03746
477,10364.6144629,0,1194622.99,-4552369.03746
487,648.6338477,0,1314622.99,-4552369.03746
489,73674.2414512,0,1338622.99,-4552369.03746
490,120443.1034521,0,1350622.99,-4552369.03746
491,89340.8284253,0,1362622.99,-4552369.03746
492,207846.0969141,0,1374622.99,-4552369.03746
493,186057.2730078,0,1386622.99,-4552369.03746
496,207846.0969067,0,1092622.99,-4555833.13907
497,415692.1938232,0,1104622.99,-4555833.13907
498,207846.0969067,0,1116622.99,-4555833.13907
499,207846.0969067,0,1128622.99,-4555833.13907
500,207846.0969092,0,1140622.99,-4555833.13907
501,207846.0969067,0,1152622.99,-4555833.13907
502,415692.1938184,0,1164622.99,-4555833.13907
503,207846.0969067,0,1176622.99,-4555833.13907
504,200660.2501367,0,1188622.99,-4555833.13907
505,10543.6154574,0,1200622.99,-4555833.13907
512,75679.805166,0,1284622.99,-4555833.13907
513,20.2920752,0,1296622.99,-4555833.13907
514,74715.2429199,0,1308622.99,-4555833.13907
516,193622.70271,0,1332622.99,-4555833.13907
517,415692.1938232,0,1344622.99,-4555833.13907
518,145988.357478,0,1356622.99,-4555833.13907
519,207846.0969092,0,1368622.99,-4555833.13907
520,207846.0969092,0,1380622.99,-4555833.13907
521,39056.196355,0,1392622.99,-4555833.13907
523,72318.6807507,0,1086622.99,-4559297.24069
524,103923.0484546,0,1098622.99,-4559297.24069
525,207846.0969092,2,1110622.99,-4559297.24069
526,207846.0969092,0,1122622.99,-4559297.24069
527,207846.0969067,0,1134622.99,-4559297.24069
528,103923.0484558,0,1146622.99,-4559297.24069
529,103923.0484558,2,1158622.99,-4559297.24069
530,103923.0484521,0,1170622.99,-4559297.24069
531,103923.0484546,0,1182622.99,-4559297.24069
532,206710.9219604,0,1194622.99,-4559297.24069
533,14871.6580176,0,1206622.99,-4559297.24069
538,862.1711377,0,1266622.99,-4559297.24069
539,35606.7768441,0,1278622.99,-4559297.24069
540,63589.6641235,0,1290622.99,-4559297.24069
541,50045.9445508,0,1302622.99,-4559297.24069
542,152637.8568359,0,1314622.99,-4559297.24069
543,25776.6000651,0,1326622.99,-4559297.24069
544,138564.0646045,0,1338622.99,-4559297.24069
545,103923.0484534,0,1350622.99,-4559297.24069
546,103923.0484546,0,1362622.99,-4559297.24069
547,207846.0969043,0,1374622.99,-4559297.24069
548,103923.0484558,0,1386622.99,-4559297.24069
551,138564.0646045,0,1092622.99,-4562761.3423
552,207846.0969043,0,1104622.99,-4562761.3423
553,415692.1938086,0,1116622.99,-4562761.3423
554,103923.0484534,0,1128622.99,-4562761.3423
555,103923.0484521,0,1140622.99,-4562761.3423
556,138564.0646029,0,1152622.99,-4562761.3423
557,207846.0969043,0,1164622.99,-4562761.3423
558,138564.0646012,0,1176622.99,-4562761.3423
559,103923.0484534,0,1188622.99,-4562761.3423
560,80285.1635088,0,1200622.99,-4562761.3423
561,6834.6795898,0,1212622.99,-4562761.3423
565,45822.3400366,0,1260622.99,-4562761.3423
566,115239.2643376,0,1272622.99,-4562761.3423
567,207846.0969116,0,1284622.99,-4562761.3423
568,113883.6024935,0,1296622.99,-4562761.3423
569,103923.0484558,0,1308622.99,-4562761.3423
570,98690.4884351,0,1320622.99,-4562761.3423
571,207846.0969092,0,1332622.99,-4562761.3423
572,207846.0969116,0,1344622.99,-4562761.3423
573,138564.0646061,0,1356622.99,-4562761.3423
574,103923.0484558,0,1368622.99,-4562761.3423
575,103923.0484546,0,1380622.99,-4562761.3423
576,109486.7367399,2,1392622.99,-4562761.3423
578,114633.1023096,0,1086622.99,-4566225.44392
579,207846.0969067,0,1098622.99,-4566225.44392
580,415692.1938184,0,1110622.99,-4566225.44392
581,415692.1938135,0,1122622.99,-4566225.44392
582,415692.1938184,0,1134622.99,-4566225.44392
583,207846.0969067,0,1146622.99,-4566225.44392
584,207846.0969092,0,1158622.99,-4566225.44392
585,207846.0969092,0,1170622.99,-4566225.44392
586,207846.0969092,0,1182622.99,-4566225.44392
587,415692.1938184,0,1194622.99,-4566225.44392
588,199336.9502905,0,1206622.99,-4566225.44392
589,37367.5866431,0,1218622.99,-4566225.44392
591,50983.6393213,0,1242622.99,-4566225.44392
592,194248.0651563,0,1254622.99,-4566225.44392
593,81095.7567171,0,1266622.99,-4566225.44392
594,207846.0969092,0,1278622.99,-4566225.44392
595,207846.0969092,0,1290622.99,-4566225.44392
596,207846.0969067,0,1302622.99,-4566225.44392
597,415692.1938184,0,1314622.99,-4566225.44392
598,207846.0969116,0,1326622.99,-4566225.44392
599,207846.0969092,0,1338622.99,-4566225.44392
600,207846.0969092,0,1350622.99,-4566225.44392
601,207846.0969116,0,1362622.99,-4566225.44392
602,415692.1938184,0,1374622.99,-4566225.44392
603,207846.0969116,0,1386622.99,-4566225.44392
604,53903.037832,0,1398622.99,-4566225.44392
606,103923.0484546,0,1092622.99,-4569689.54553
607,415692.1938232,0,1104622.99,-4569689.54553
608,207846.0969141,0,1116622.99,-4569689.54553
609,103923.0484546,0,1128622.99,-4569689.54553
610,103923.0484558,0,1140622.99,-4569689.54553
611,138564.0646045,2,1152622.99,-4569689.54553
612,207846.0969116,0,1164622.99,-4569689.54553
613,103923.0484546,0,1176622.99,-4569689.54553
614,103923.0484546,0,1188622.99,-4569689.54553
615,103923.0484546,0,1200622.99,-4569689.54553
616,97121.5872839,0,1212622.99,-4569689.54553
617,122466.4288135,0,1224622.99,-4569689.54553
618,37775.5508899,0,1236622.99,-4569689.54553
619,45771.9228394,0,1248622.99,-4569689.54553
620,103923.0484534,0,1260622.99,-4569689.54553
621,103923.0484534,0,1272622.99,-4569689.54553
622,207846.0969067,0,1284622.99,-4569689.54553
623,103923.0484546,0,1296622.99,-4569689.54553
624,103923.0484534,0,1308622.99,-4569689.54553
625,103923.0484534,0,1320622.99,-4569689.54553
626,103923.0484521,0,1332622.99,-4569689.54553
627,207846.0969092,0,1344622.99,-4569689.54553
628,103923.0484521,0,1356622.99,-4569689.54553
629,103923.0484546,0,1368622.99,-4569689.54553
630,103923.0484558,0,1380622.99,-4569689.54553
631,103923.048457,2,1392622.99,-4569689.54553
633,21198.1737663,0,1086622.99,-4573153.64715
634,138564.0646077,0,1098622.99,-4573153.64715
635,415692.1938135,0,1110622.99,-4573153.64715
636,207846.0969092,0,1122622.99,-4573153.64715
637,207846.0969067,0,1134622.99,-4573153.64715
638,207846.0969067,2,1146622.99,-4573153.64715
639,103923.0484534,0,1158622.99,-4573153.64715
640,103923.0484534,0,1170622.99,-4573153.64715
641,138564.0646094,0,1182622.99,-4573153.64715
642,207846.0969067,0,1194622.99,-4573153.64715
643,138564.0646012,0,1206622.99,-4573153.64715
644,103923.0484521,0,1218622.99,-4573153.64715
645,175998.304585,0,1230622.99,-4573153.64715
646,132199.32507,0,1242622.99,-4573153.64715
647,207846.0969067,0,1254622.99,-4573153.64715
648,82182.4484707,0,1266622.99,-4573153.64715
649,103923.0484546,0,1278622.99,-4573153.64715
650,103923.0484534,0,1290622.99,-4573153.64715
651,138564.0646094,0,1302622.99,-4573153.64715
652,207846.0969067,0,1314622.99,-4573153.64715
653,138564.0646045,0,1326622.99,-4573153.64715
654,103923.0484546,0,1338622.99,-4573153.64715
655,103923.0484521,0,1350622.99,-4573153.64715
656,138564.0646061,0,1362622.99,-4573153.64715
657,207846.0969092,0,1374622.99,-4573153.64715
658,138564.0646029,0,1386622.99,-4573153.64715
659,59509.5572681,0,1398622.99,-4573153.64715
661,110568.3671126,0,1092622.99,-4576617.74876
662,415692.1938184,0,1104622.99,-4576617.74876
663,138564.0646045,0,1116622.99,-4576617.74876
664,103923.0484534,0,1128622.99,-4576617.74876
665,207846.0969092,0,1140622.99,-4576617.74876
666,207846.0969092,0,1152622.99,-4576617.74876
667,207846.0969116,0,1164622.99,-4576617.74876
668,138564.0646045,0,1176622.99,-4576617.74876
669,103923.0484534,0,1188622.99,-4576617.74876
670,103923.0484546,0,1200622.99,-4576617.74876
671,138564.0646061,0,1212622.99,-4576617.74876
672,207846.0969116,0,1224622.99,-4576617.74876
673,138564.0646077,0,1236622.99,-4576617.74876
674,103923.0484546,0,1248622.99,-4576617.74876
675,103923.0484534,0,1260622.99,-4576617.74876
676,138564.0646045,0,1272622.99,-4576617.74876
677,207846.0969067,0,1284622.99,-4576617.74876
678,138564.0646029,0,1296622.99,-4576617.74876
679,103923.0484546,0,1308622.99,-4576617.74876
680,103923.0484521,0,1320622.99,-4576617.74876
681,138564.0646029,0,1332622.99,-4576617.74876
682,207846.0969092,0,1344622.99,-4576617.74876
683,138564.0646061,0,1356622.99,-4576617.74876
684,103923.0484546,0,1368622.99,-4576617.74876
685,103923.0484546,0,1380622.99,-4576617.74876
686,120423.2459424,0,1392622.99,-4576617.74876
688,6662.1847803,0,1086622.99,-4580081.85038
689,138564.0646061,0,1098622.99,-4580081.85038
690,207846.0969116,0,1110622.99,-4580081.85038
691,103923.0484558,0,1122622.99,-4580081.85038
692,207846.0969092,0,1134622.99,-4580081.85038
693,207846.0969116,2,1146622.99,-4580081.85038
694,103923.0484546,0,1158622.99,-4580081.85038
695,103923.0484558,0,1170622.99,-4580081.85038
696,103923.0484558,0,1182622.99,-4580081.85038
697,207846.0969092,0,1194622.99,-4580081.85038
698,103923.048457,0,1206622.99,-4580081.85038
699,103923.0484534,0,1218622.99,-4580081.85038
700,103923.0484558,0,1230622.99,-4580081.85038
701,103923.0484558,0,1242622.99,-4580081.85038
702,207846.0969092,0,1254622.99,-4580081.85038
703,103923.048457,0,1266622.99,-4580081.85038
704,103923.0484546,0,1278622.99,-4580081.85038
705,103923.0484534,0,1290622.99,-4580081.85038
706,103923.048457,0,1302622.99,-4580081.85038
707,207846.0969043,0,1314622.99,-4580081.85038
708,103923.0484558,0,1326622.99,-4580081.85038
709,103923.0484534,0,1338622.99,-4580081.85038
710,103923.0484534,0,1350622.99,-4580081.85038
711,103923.0484558,0,1362622.99,-4580081.85038
712,207846.0969092,0,1374622.99,-4580081.85038
713,103923.0484534,0,1386622.99,-4580081.85038
716,182978.5292798,0,1092622.99,-4583545.95199
717,415692.1938184,0,1104622.99,-4583545.95199
718,207846.0969067,0,1116622.99,-4583545.95199
719,207846.0969092,0,1128622.99,-4583545.95199
720,415692.1938184,0,1140622.99,-4583545.95199
721,207846.0969092,0,1152622.99,-4583545.95199
722,415692.1938184,0,1164622.99,-4583545.95199
723,207846.0969067,0,1176622.99,-4583545.95199
724,207846.0969092,0,1188622.99,-4583545.95199
725,207846.0969092,0,1200622.99,-4583545.95199
726,207846.0969067,0,1212622.99,-4583545.95199
727,415692.1938184,0,1224622.99,-4583545.95199
728,207846.0969092,0,1236622.99,-4583545.95199
729,207846.0969092,0,1248622.99,-4583545.95199
730,207846.0969092,0,1260622.99,-4583545.95199
731,207846.0969067,0,1272622.99,-4583545.95199
732,415692.1938184,0,1284622.99,-4583545.95199
733,207846.0969067,0,1296622.99,-4583545.95199
734,207846.0969092,0,1308622.99,-4583545.95199
735,207846.0969067,0,1320622.99,-4583545.95199
736,207846.0969067,0,1332622.99,-4583545.95199
737,415692.1938184,0,1344622.99,-4583545.95199
738,207846.0969092,0,1356622.99,-4583545.95199
739,207846.0969067,0,1368622.99,-4583545.95199
740,207846.0969092,0,1380622.99,-4583545.95199
741,96178.1666089,0,1392622.99,-4583545.95199
743,390.6073486,0,1086622.99,-4587010.05361
744,138564.0646077,0,1098622.99,-4587010.05361
745,138564.0646061,0,1110622.99,-4587010.05361
746,138564.0646012,0,1122622.99,-4587010.05361
747,207846.0969067,0,1134622.99,-4587010.05361
748,207846.0969092,0,1146622.99,-4587010.05361
749,103923.0484521,0,1158622.99,-4587010.05361
750,103923.0484534,0,1170622.99,-4587010.05361
751,138564.0646045,0,1182622.99,-4587010.05361
752,207846.0969043,0,1194622.99,-4587010.05361
753,138564.0646045,0,1206622.99,-4587010.05361
754,103923.0484534,0,1218622.99,-4587010.05361
755,103923.0484534,0,1230622.99,-4587010.05361
756,138564.0646061,0,1242622.99,-4587010.05361
757,207846.0969043,0,1254622.99,-4587010.05361
758,138564.0646061,0,1266622.99,-4587010.05361
759,103923.0484534,0,1278622.99,-4587010.05361
760,103923.0484521,0,1290622.99,-4587010.05361
761,138564.0646045,0,1302622.99,-4587010.05361
762,207846.0969067,0,1314622.99,-4587010.05361
763,138564.0646029,0,1326622.99,-4587010.05361
764,103923.0484534,0,1338622.99,-4587010.05361
765,103923.0484521,0,1350622.99,-4587010.05361
766,138564.0646077,2,1362622.99,-4587010.05361
767,207846.0969067,0,1374622.99,-4587010.05361
768,138564.0646045,0,1386622.99,-4587010.05361
771,103777.9061035,0,1092622.99,-4590474.15522
772,415692.1938135,0,1104622.99,-4590474.15522
773,103923.0484583,0,1116622.99,-4590474.15522
774,103923.0484521,0,1128622.99,-4590474.15522
775,207846.0969067,0,1140622.99,-4590474.15522
776,138564.0646077,0,1152622.99,-4590474.15522
777,207846.0969043,0,1164622.99,-4590474.15522
778,103923.0484534,0,1176622.99,-4590474.15522
779,103923.0484558,0,1188622.99,-4590474.15522
780,103923.0484546,0,1200622.99,-4590474.15522
781,103923.0484546,0,1212622.99,-4590474.15522
782,207846.0969092,0,1224622.99,-4590474.15522
783,103923.0484509,0,1236622.99,-4590474.15522
784,103923.0484546,0,1248622.99,-4590474.15522
785,103923.0484546,0,1260622.99,-4590474.15522
786,103923.0484558,0,1272622.99,-4590474.15522
787,207846.0969092,0,1284622.99,-4590474.15522
788,103923.0484509,0,1296622.99,-4590474.15522
789,103923.0484546,0,1308622.99,-4590474.15522
790,103923.048457,0,1320622.99,-4590474.15522
791,103923.0484546,0,1332622.99,-4590474.15522
792,207846.0969043,0,1344622.99,-4590474.15522
793,103923.0484534,0,1356622.99,-4590474.15522
794,103923.0484534,2,1368622.99,-4590474.15522
795,103923.0484546,0,1380622.99,-4590474.15522
796,22264.7528115,0,1392622.99,-4590474.15522
799,207846.0969092,0,1098622.99,-4593938.25684
800,207846.0969067,0,1110622.99,-4593938.25684
801,207846.0969067,0,1122622.99,-4593938.25684
802,415692.1938184,0,1134622.99,-4593938.25684
803,207846.0969092,0,1146622.99,-4593938.25684
804,207846.0969067,0,1158622.99,-4593938.25684
805,207846.0969067,0,1170622.99,-4593938.25684
806,207846.0969067,0,1182622.99,-4593938.25684
807,415692.1938184,0,1194622.99,-4593938.25684
808,207846.0969067,0,1206622.99,-4593938.25684
809,207846.0969092,0,1218622.99,-4593938.25684
810,207846.0969092,0,1230622.99,-4593938.25684
811,207846.0969092,0,1242622.99,-4593938.25684
812,415692.1938135,0,1254622.99,-4593938.25684
813,207846.0969067,0,1266622.99,-4593938.25684
814,207846.0969092,0,1278622.99,-4593938.25684
815,207846.0969067,0,1290622.99,-4593938.25684
816,207846.0969067,0,1302622.99,-4593938.25684
817,415692.1938184,0,1314622.99,-4593938.25684
818,207846.0969116,2,1326622.99,-4593938.25684
819,207846.0969067,0,1338622.99,-4593938.25684
820,207846.0969067,0,1350622.99,-4593938.25684
821,207846.0969067,0,1362622.99,-4593938.25684
822,415692.1938184,0,1374622.99,-4593938.25684
823,207846.0969067,0,1386622.99,-4593938.25684
826,13351.2604541,0,1092622.99,-4597402.35845
827,207846.0969116,0,1104622.99,-4597402.35845
828,138564.0646061,0,1116622.99,-4597402.35845
829,138564.0646061,0,1128622.99,-4597402.35845
830,207846.0969067,0,1140622.99,-4597402.35845
831,207846.0969092,0,1152622.99,-4597402.35845
832,207846.0969116,0,1164622.99,-4597402.35845
833,138564.0646045,0,1176622.99,-4597402.35845
834,103923.0484546,0,1188622.99,-4597402.35845
835,103923.0484546,0,1200622.99,-4597402.35845
836,138564.0646077,0,1212622.99,-4597402.35845
837,207846.0969067,0,1224622.99,-4597402.35845
838,138564.0646029,0,1236622.99,-4597402.35845
839,103923.0484546,0,1248622.99,-4597402.35845
840,103923.0484534,0,1260622.99,-4597402.35845
841,138564.0646061,0,1272622.99,-4597402.35845
842,207846.0969067,0,1284622.99,-4597402.35845
843,138564.0646061,0,1296622.99,-4597402.35845
844,103923.0484546,0,1308622.99,-4597402.35845
845,103923.0484534,0,1320622.99,-4597402.35845
846,138564.0646012,2,1332622.99,-4597402.35845
847,207846.0969067,0,1344622.99,-4597402.35845
848,138564.0646061,0,1356622.99,-4597402.35845
849,138564.0646029,0,1368622.99,-4597402.35845
850,103923.048457,0,1380622.99,-4597402.35845
851,42443.9336719,0,1392622.99,-4597402.35845
854,72071.5643518,0,1098622.99,-4600866.46007
855,103923.0484546,0,1110622.99,-4600866.46007
856,103923.0484509,0,1122622.99,-4600866.46007
857,207846.0969067,0,1134622.99,-4600866.46007
858,207846.0969019,0,1146622.99,-4600866.46007
859,103923.0484534,0,1158622.99,-4600866.46007
860,103923.0484534,0,1170622.99,-4600866.46007
861,103923.0484558,0,1182622.99,-4600866.46007
862,207846.0969043,0,1194622.99,-4600866.46007
863,103923.0484558,0,1206622.99,-4600866.46007
864,103923.0484534,0,1218622.99,-4600866.46007
865,103923.0484558,0,1230622.99,-4600866.46007
866,103923.048457,0,1242622.99,-4600866.46007
867,207846.0969092,2,1254622.99,-4600866.46007
868,103923.048457,0,1266622.99,-4600866.46007
869,103923.0484558,0,1278622.99,-4600866.46007
870,103923.0484534,0,1290622.99,-4600866.46007
871,103923.0484521,0,1302622.99,-4600866.46007
872,207846.0969092,0,1314622.99,-4600866.46007
873,103923.0484534,0,1326622.99,-4600866.46007
874,103923.0484534,0,1338622.99,-4600866.46007
875,103923.0484509,2,1350622.99,-4600866.46007
876,138564.0646061,0,1362622.99,-4600866.46007
877,207846.0969092,0,1374622.99,-4600866.46007
878,103923.0484534,2,1386622.99,-4600866.46007
879,13113.6744141,0,1398622.99,-4600866.46007
882,415692.1938184,0,1104622.99,-4604330.56168
883,207846.0969141,0,1116622.99,-4604330.56168
884,415692.1938184,0,1128622.99,-4604330.56168
885,415692.1938135,0,1140622.99,-4604330.56168
886,415692.1938232,0,1152622.99,-4604330.56168
887,415692.1938232,0,1164622.99,-4604330.56168
888,207846.0969092,0,1176622.99,-4604330.56168
889,207846.0969116,0,1188622.99,-4604330.56168
890,207846.0969116,0,1200622.99,-4604330.56168
891,207846.0969092,0,1212622.99,-4604330.56168
892,415692.1938184,0,1224622.99,-4604330.56168
893,207846.0969067,0,1236622.99,-4604330.56168
894,207846.0969067,0,1248622.99,-4604330.56168
895,207846.0969067,0,1260622.99,-4604330.56168
896,207846.0969092,0,1272622.99,-4604330.56168
897,415692.1938086,0,1284622.99,-4604330.56168
898,207846.0969116,0,1296622.99,-4604330.56168
899,207846.0969067,0,1308622.99,-4604330.56168
900,207846.0969067,0,1320622.99,-4604330.56168
901,207846.0969067,0,1332622.99,-4604330.56168
902,415692.1938135,0,1344622.99,-4604330.56168
903,207846.0969092,2,1356622.99,-4604330.56168
904,207846.0969092,0,1368622.99,-4604330.56168
905,207846.0969092,0,1380622.99,-4604330.56168
906,99154.6561719,0,1392622.99,-4604330.56168
909,43107.7025037,0,1098622.99,-4607794.6633
910,103923.0484558,0,1110622.99,-4607794.6633
911,138564.0646029,0,1122622.99,-4607794.6633
912,207846.0969092,0,1134622.99,-4607794.6633
913,207846.0969067,0,1146622.99,-4607794.6633
914,138564.0646077,0,1158622.99,-4607794.6633
915,138564.0646029,0,1170622.99,-4607794.6633
916,103923.048457,0,1182622.99,-4607794.6633
917,207846.0969067,0,1194622.99,-4607794.6633
918,138564.0646094,0,1206622.99,-4607794.6633
919,103923.0484534,0,1218622.99,-4607794.6633
920,103923.0484558,0,1230622.99,-4607794.6633
921,103923.0484558,0,1242622.99,-4607794.6633
922,207846.0969092,0,1254622.99,-4607794.6633
923,138564.0646029,0,1266622.99,-4607794.6633
924,103923.0484558,0,1278622.99,-4607794.6633
925,103923.0484521,0,1290622.99,-4607794.6633
926,103923.0484558,0,1302622.99,-4607794.6633
927,207846.0969067,0,1314622.99,-4607794.6633
928,138564.0646061,0,1326622.99,-4607794.6633
929,103923.0484534,0,1338622.99,-4607794.6633
930,103923.0484558,0,1350622.99,-4607794.6633
931,103923.0484534,0,1362622.99,-4607794.6633
932,207846.0969092,0,1374622.99,-4607794.6633
933,138564.0646045,0,1386622.99,-4607794.6633
937,207846.0969165,0,1104622.99,-4611258.76491
938,207846.0969092,0,1116622.99,-4611258.76491
939,207846.0969116,0,1128622.99,-4611258.76491
940,207846.0969092,0,1140622.99,-4611258.76491
941,207846.0969067,0,1152622.99,-4611258.76491
942,207846.0969043,0,1164622.99,-4611258.76491
943,138564.0646061,0,1176622.99,-4611258.76491
944,103923.0484534,0,1188622.99,-4611258.76491
945,103923.0484546,0,1200622.99,-4611258.76491
946,103923.0484546,0,1212622.99,-4611258.76491
947,207846.0969141,0,1224622.99,-4611258.76491
948,138564.0646045,0,1236622.99,-4611258.76491
949,103923.0484546,0,1248622.99,-4611258.76491
950,103923.0484534,0,1260622.99,-4611258.76491
951,103923.0484534,0,1272622.99,-4611258.76491
952,207846.0969067,0,1284622.99,-4611258.76491
953,138564.0646061,0,1296622.99,-4611258.76491
954,103923.0484546,0,1308622.99,-4611258.76491
955,103923.0484558,0,1320622.99,-4611258.76491
956,103923.0484546,0,1332622.99,-4611258.76491
957,207846.0969116,0,1344622.99,-4611258.76491
958,138564.0646061,0,1356622.99,-4611258.76491
959,103923.0484534,0,1368622.99,-4611258.76491
960,103923.0484546,0,1380622.99,-4611258.76491
961,27356.583396,0,1392622.99,-4611258.76491
964,61347.5537549,0,1098622.99,-4614722.86653
965,207846.0969067,0,1110622.99,-4614722.86653
966,415692.1938184,0,1122622.99,-4614722.86653
967,415692.1938184,0,1134622.99,-4614722.86653
968,207846.0969141,0,1146622.99,-4614722.86653
969,207846.0969092,0,1158622.99,-4614722.86653
970,415692.1938232,0,1170622.99,-4614722.86653
971,207846.0969067,2,1182622.99,-4614722.86653
972,415692.1938135,0,1194622.99,-4614722.86653
973,207846.0969019,0,1206622.99,-4614722.86653
974,207846.0969067,0,1218622.99,-4614722.86653
975,207846.0969067,0,1230622.99,-4614722.86653
976,207846.0969092,0,1242622.99,-4614722.86653
977,415692.1938184,0,1254622.99,-4614722.86653
978,207846.0969116,0,1266622.99,-4614722.86653
979,207846.0969092,0,1278622.99,-4614722.86653
980,207846.0969092,0,1290622.99,-4614722.86653
981,207846.0969067,0,1302622.99,-4614722.86653
982,415692.1938135,0,1314622.99,-4614722.86653
983,207846.0969067,0,1326622.99,-4614722.86653
984,207846.0969067,0,1338622.99,-4614722.86653
985,207846.0969092,0,1350622.99,-4614722.86653
986,207846.0969092,0,1362622.99,-4614722.86653
987,415692.1938232,0,1374622.99,-4614722.86653
988,369919.9900293,0,1386622.99,-4614722.86653
992,145237.5366699,0,1104622.99,-4618186.96814
993,207846.0969067,0,1116622.99,-4618186.96814
994,207846.0969092,0,1128622.99,-4618186.96814
995,138564.0646045,0,1140622.99,-4618186.96814
996,103923.0484521,0,1152622.99,-4618186.96814
997,415692.1938184,0,1164622.99,-4618186.96814
998,138564.0646045,2,1176622.99,-4618186.96814
999,103923.0484546,2,1188622.99,-4618186.96814
1000,103923.0484558,0,1200622.99,-4618186.96814
1001,103923.0484546,0,1212622.99,-4618186.96814
1002,207846.0969092,0,1224622.99,-4618186.96814
1003,138564.0646077,0,1236622.99,-4618186.96814
1004,103923.0484534,0,1248622.99,-4618186.96814
1005,103923.0484534,0,1260622.99,-4618186.96814
1006,103923.0484521,0,1272622.99,-4618186.96814
1007,207846.0969092,0,1284622.99,-4618186.96814
1008,138564.0646045,0,1296622.99,-4618186.96814
1009,103923.0484534,0,1308622.99,-4618186.96814
1010,103923.0484534,0,1320622.99,-4618186.96814
1011,103923.0484534,0,1332622.99,-4618186.96814
1012,207846.0969141,0,1344622.99,-4618186.96814
1013,138564.0646061,0,1356622.99,-4618186.96814
1014,103923.0484534,0,1368622.99,-4618186.96814
1015,103923.0484534,0,1380622.99,-4618186.96814
1020,103923.0484558,0,1110622.99,-4621651.06976
1021,138564.0646045,0,1122622.99,-4621651.06976
1022,207846.0969092,0,1134622.99,-4621651.06976
1023,138564.0646061,0,1146622.99,-4621651.06976
1024,138564.0646045,0,1158622.99,-4621651.06976
1025,207846.0969092,0,1170622.99,-4621651.06976
1026,103923.0484534,2,1182622.99,-4621651.06976
1027,207846.0969067,2,1194622.99,-4621651.06976
1028,138564.0646094,0,1206622.99,-4621651.06976
1029,103923.0484534,0,1218622.99,-4621651.06976
1030,103923.0484558,0,1230622.99,-4621651.06976
1031,103923.0484534,0,1242622.99,-4621651.06976
1032,207846.0969092,0,1254622.99,-4621651.06976
1033,138564.0646029,0,1266622.99,-4621651.06976
1034,103923.0484546,0,1278622.99,-4621651.06976
1035,103923.0484534,0,1290622.99,-4621651.06976
1036,103923.0484534,0,1302622.99,-4621651.06976
1037,207846.0969092,0,1314622.99,-4621651.06976
1038,138564.0646045,0,1326622.99,-4621651.06976
1039,103923.0484534,0,1338622.99,-4621651.06976
1040,103923.0484534,0,1350622.99,-4621651.06976
1041,103923.0484534,0,1362622.99,-4621651.06976
1042,207846.0969092,0,1374622.99,-4621651.06976
1043,108054.0580884,0,1386622.99,-4621651.06976
1047,74177.1214746,0,1104622.99,-4625115.17138
1048,207846.0969116,0,1116622.99,-4625115.17138
1049,415692.1938135,0,1128622.99,-4625115.17138
1050,207846.0969092,0,1140622.99,-4625115.17138
1051,207846.0969067,0,1152622.99,-4625115.17138
1052,415692.1938184,0,1164622.99,-4625115.17138
1053,207846.0969092,0,1176622.99,-4625115.17138
1054,207846.0969092,2,1188622.99,-4625115.17138
1055,207846.0969092,2,1200622.99,-4625115.17138
1056,207846.0969092,0,1212622.99,-4625115.17138
1057,415692.1938135,0,1224622.99,-4625115.17138
1058,207846.0969116,0,1236622.99,-4625115.17138
1059,207846.0969067,0,1248622.99,-4625115.17138
1060,207846.0969092,0,1260622.99,-4625115.17138
1061,207846.0969116,0,1272622.99,-4625115.17138
1062,415692.1938184,0,1284622.99,-4625115.17138
1063,207846.0969092,0,1296622.99,-4625115.17138
1064,207846.0969067,0,1308622.99,-4625115.17138
1065,207846.0969092,0,1320622.99,-4625115.17138
1066,207846.0969067,2,1332622.99,-4625115.17138
1067,415692.1938184,0,1344622.99,-4625115.17138
1068,207846.0969116,0,1356622.99,-4625115.17138
1069,207846.0969092,0,1368622.99,-4625115.17138
1070,207846.0969067,0,1380622.99,-4625115.17138
1075,78172.3176404,0,1110622.99,-4628579.27299
1076,138564.0646061,0,1122622.99,-4628579.27299
1077,207846.0969116,0,1134622.99,-4628579.27299
1078,138564.0646029,0,1146622.99,-4628579.27299
1079,103923.0484534,0,1158622.99,-4628579.27299
1080,207846.0969067,0,1170622.99,-4628579.27299
1081,138564.0646029,2,1182622.99,-4628579.27299
1082,415692.1938184,2,1194622.99,-4628579.27299
1083,138564.0646045,0,1206622.99,-4628579.27299
1084,103923.048457,0,1218622.99,-4628579.27299
1085,138564.0646029,0,1230622.99,-4628579.27299
1086,103923.0484546,0,1242622.99,-4628579.27299
1087,207846.0969067,0,1254622.99,-4628579.27299
1088,138564.0646029,0,1266622.99,-4628579.27299
1089,103923.0484546,0,1278622.99,-4628579.27299
1090,103923.0484546,0,1290622.99,-4628579.27299
1091,103923.0484546,0,1302622.99,-4628579.27299
1092,207846.0969092,0,1314622.99,-4628579.27299
1093,138564.0646045,0,1326622.99,-4628579.27299
1094,103923.0484534,2,1338622.99,-4628579.27299
1095,103923.0484534,0,1350622.99,-4628579.27299
1096,103923.0484546,0,1362622.99,-4628579.27299
1097,207846.0969043,0,1374622.99,-4628579.27299
1098,106381.5432397,0,1386622.99,-4628579.27299
1103,138564.0646045,0,1116622.99,-4632043.37461
1104,207846.0969092,0,1128622.99,-4632043.37461
1105,103923.0484509,0,1140622.99,-4632043.37461
1106,103923.0484534,0,1152622.99,-4632043.37461
1107,207846.0969067,0,1164622.99,-4632043.37461
1108,207846.0969092,2,1176622.99,-4632043.37461
1109,138564.0646077,2,1188622.99,-4632043.37461
1110,207846.0969092,2,1200622.99,-4632043.37461
1111,138564.0646029,0,1212622.99,-4632043.37461
1112,207846.0969067,0,1224622.99,-4632043.37461
1113,138564.0646045,0,1236622.99,-4632043.37461
1114,103923.0484521,0,1248622.99,-4632043.37461
1115,103923.0484558,0,1260622.99,-4632043.37461
1116,103923.0484558,0,1272622.99,-4632043.37461
1117,207846.0969067,0,1284622.99,-4632043.37461
1118,138564.0646077,0,1296622.99,-4632043.37461
1119,103923.0484534,0,1308622.99,-4632043.37461
1120,103923.0484534,0,1320622.99,-4632043.37461
1121,103923.0484546,2,1332622.99,-4632043.37461
1122,207846.0969116,0,1344622.99,-4632043.37461
1123,138564.0646045,0,1356622.99,-4632043.37461
1124,103923.0484546,0,1368622.99,-4632043.37461
1125,103923.0484521,0,1380622.99,-4632043.37461
1130,0,0,1110622.99,-4635507.47622
1131,207846.0969092,0,1122622.99,-4635507.47622
1132,415692.1938184,0,1134622.99,-4635507.47622
1133,207846.0969043,0,1146622.99,-4635507.47622
1134,207846.0969092,0,1158622.99,-4635507.47622
1135,415692.1938184,0,1170622.99,-4635507.47622
1136,207846.0969043,2,1182622.99,-4635507.47622
1137,415692.1938184,2,1194622.99,-4635507.47622
1138,415692.1938184,0,1206622.99,-4635507.47622
1139,207846.0969043,2,1218622.99,-4635507.47622
1140,415692.1938184,0,1230622.99,-4635507.47622
1141,207846.0969092,0,1242622.99,-4635507.47622
1142,415692.1938086,0,1254622.99,-4635507.47622
1143,207846.0969092,0,1266622.99,-4635507.47622
1144,207846.0969092,0,1278622.99,-4635507.47622
1145,207846.0969067,0,1290622.99,-4635507.47622
1146,207846.0969067,0,1302622.99,-4635507.47622
1147,415692.1938184,0,1314622.99,-4635507.47622
1148,207846.0969092,0,1326622.99,-4635507.47622
1149,207846.0969092,0,1338622.99,-4635507.47622
1150,207846.0969092,0,1350622.99,-4635507.47622
1151,207846.0969067,0,1362622.99,-4635507.47622
1152,415692.1938184,0,1374622.99,-4635507.47622
1153,351864.5932373,0,1386622.99,-4635507.47622
1158,62795.7136621,0,1116622.99,-4638971.57784
1159,103923.0484534,0,1128622.99,-4638971.57784
1160,207846.0969092,0,1140622.99,-4638971.57784
1161,207846.0969116,0,1152622.99,-4638971.57784
1162,415692.1938232,0,1164622.99,-4638971.57784
1163,207846.0969092,2,1176622.99,-4638971.57784
1164,103923.0484521,2,1188622.99,-4638971.57784
1165,138564.0646029,0,1200622.99,-4638971.57784
1166,138564.0646029,2,1212622.99,-4638971.57784
1167,415692.1938184,0,1224622.99,-4638971.57784
1168,138564.0646077,0,1236622.99,-4638971.57784
1169,138564.0646077,0,1248622.99,-4638971.57784
1170,103923.0484558,0,1260622.99,-4638971.57784
1171,103923.0484558,0,1272622.99,-4638971.57784
1172,207846.0969067,0,1284622.99,-4638971.57784
1173,103923.0484534,0,1296622.99,-4638971.57784
1174,103923.0484546,0,1308622.99,-4638971.57784
1175,103923.0484546,0,1320622.99,-4638971.57784
1176,103923.0484534,0,1332622.99,-4638971.57784
1177,207846.0969067,0,1344622.99,-4638971.57784
1178,103923.0484534,0,1356622.99,-4638971.57784
1179,103923.0484521,0,1368622.99,-4638971.57784
1180,103923.0484534,0,1380622.99,-4638971.57784
1181,959.3010107,0,1392622.99,-4638971.57784
1186,134145.3058757,0,1122622.99,-4642435.67945
1187,207846.0969116,0,1134622.99,-4642435.67945
1188,415692.1938135,0,1146622.99,-4642435.67945
1189,207846.0969067,0,1158622.99,-4642435.67945
1190,415692.1938184,0,1170622.99,-4642435.67945
1191,207846.0969067,2,1182622.99,-4642435.67945
1192,207846.0969092,2,1194622.99,-4642435.67945
1193,138564.0646012,2,1206622.99,-4642435.67945
1194,207846.0969092,2,1218622.99,-4642435.67945
1195,207846.0969043,0,1230622.99,-4642435.67945
1196,207846.0969067,0,1242622.99,-4642435.67945
1197,207846.0969116,0,1254622.99,-4642435.67945
1198,138564.0646061,0,1266622.99,-4642435.67945
1199,103923.0484546,0,1278622.99,-4642435.67945
1200,103923.0484546,0,1290622.99,-4642435.67945
1201,138564.0646094,0,1302622.99,-4642435.67945
1202,207846.0969067,0,1314622.99,-4642435.67945
1203,138564.0646061,0,1326622.99,-4642435.67945
1204,103923.0484546,0,1338622.99,-4642435.67945
1205,103923.0484534,0,1350622.99,-4642435.67945
1206,138564.0646029,0,1362622.99,-4642435.67945
1207,207846.0969092,0,1374622.99,-4642435.67945
1208,111252.6632202,0,1386622.99,-4642435.67945
1214,207846.0969092,0,1128622.99,-4645899.78107
1215,415692.1938184,0,1140622.99,-4645899.78107
1216,415692.1938135,0,1152622.99,-4645899.78107
1217,415692.1938135,2,1164622.99,-4645899.78107
1218,415692.1938232,2,1176622.99,-4645899.78107
1219,207846.0969067,2,1188622.99,-4645899.78107
1220,207846.0969067,2,1200622.99,-4645899.78107
1221,207846.0969067,2,1212622.99,-4645899.78107
1222,415692.1938135,0,1224622.99,-4645899.78107
1223,415692.1938232,0,1236622.99,-4645899.78107
1224,415692.1938135,0,1248622.99,-4645899.78107
1225,207846.0969067,0,1260622.99,-4645899.78107
1226,207846.0969067,0,1272622.99,-4645899.78107
1227,415692.1938135,0,1284622.99,-4645899.78107
1228,207846.0969067,0,1296622.99,-4645899.78107
1229,207846.0969067,0,1308622.99,-4645899.78107
1230,207846.0969067,0,1320622.99,-4645899.78107
1231,207846.0969141,0,1332622.99,-4645899.78107
1232,415692.1938135,0,1344622.99,-4645899.78107
1233,207846.0969092,0,1356622.99,-4645899.78107
1234,207846.0969067,0,1368622.99,-4645899.78107
1235,207846.0969067,2,1380622.99,-4645899.78107
1241,128758.1226685,0,1122622.99,-4649363.88268
1242,415692.1938184,0,1134622.99,-4649363.88268
1243,415692.1938232,0,1146622.99,-4649363.88268
1244,415692.1938184,0,1158622.99,-4649363.88268
1245,415692.1938135,2,1170622.99,-4649363.88268
1246,207846.0969067,2,1182622.99,-4649363.88268
1247,207846.0969092,2,1194622.99,-4649363.88268
1248,207846.0969116,2,1206622.99,-4649363.88268
1249,207846.0969092,0,1218622.99,-4649363.88268
1250,207846.0969092,0,1230622.99,-4649363.88268
1251,415692.1938086,0,1242622.99,-4649363.88268
1252,415692.1938184,0,1254622.99,-4649363.88268
1253,103923.0484521,0,1266622.99,-4649363.88268
1254,103923.0484534,0,1278622.99,-4649363.88268
1255,103923.0484558,0,1290622.99,-4649363.88268
1256,103923.0484509,0,1302622.99,-4649363.88268
1257,207846.0969092,0,1314622.99,-4649363.88268
1258,103923.0484521,0,1326622.99,-4649363.88268
1259,103923.0484546,0,1338622.99,-4649363.88268
1260,103923.0484546,0,1350622.99,-4649363.88268
1261,103923.0484534,0,1362622.99,-4649363.88268
1262,207846.0969092,2,1374622.99,-4649363.88268
1263,44859.0507007,0,1386622.99,-4649363.88268
1269,138564.0646045,0,1128622.99,-4652827.9843
1270,415692.1938184,0,1140622.99,-4652827.9843
1271,415692.1938184,0,1152622.99,-4652827.9843
1272,415692.1938184,2,1164622.99,-4652827.9843
1273,207846.0969043,2,1176622.99,-4652827.9843
1274,103923.0484546,2,1188622.99,-4652827.9843
1275,138564.0646077,2,1200622.99,-4652827.9843
1276,415692.1938086,0,1212622.99,-4652827.9843
1277,207846.0969092,0,1224622.99,-4652827.9843
1278,415692.1938184,0,1236622.99,-4652827.9843
1279,415692.1938184,0,1248622.99,-4652827.9843
1280,207846.0969116,0,1260622.99,-4652827.9843
1281,138564.0646045,0,1272622.99,-4652827.9843
1282,207846.0969092,0,1284622.99,-4652827.9843
1283,138564.0646077,0,1296622.99,-4652827.9843
1284,103923.0484521,0,1308622.99,-4652827.9843
1285,103923.0484558,0,1320622.99,-4652827.9843
1286,138564.0646061,0,1332622.99,-4652827.9843
1287,207846.0969067,0,1344622.99,-4652827.9843
1288,138564.0646077,0,1356622.99,-4652827.9843
1289,103923.0484534,0,1368622.99,-4652827.9843
1290,102979.3864771,2,1380622.99,-4652827.9843
1296,122506.3978809,0,1122622.99,-4656292.08591
1297,415692.1938135,0,1134622.99,-4656292.08591
1298,415692.1938135,0,1146622.99,-4656292.08591
1299,415692.1938135,0,1158622.99,-4656292.08591
1300,415692.1938184,2,1170622.99,-4656292.08591
1301,207846.0969092,2,1182622.99,-4656292.08591
1302,415692.1938232,2,1194622.99,-4656292.08591
1303,415692.1938135,2,1206622.99,-4656292.08591
1304,207846.0969067,0,1218622.99,-4656292.08591
1305,415692.1938086,0,1230622.99,-4656292.08591
1306,415692.1938184,0,1242622.99,-4656292.08591
1307,415692.1938232,0,1254622.99,-4656292.08591
1308,207846.0969092,0,1266622.99,-4656292.08591
1309,207846.0969067,0,1278622.99,-4656292.08591
1310,207846.0969043,0,1290622.99,-4656292.08591
1311,207846.0969067,0,1302622.99,-4656292.08591
1312,415692.1938232,0,1314622.99,-4656292.08591
1313,207846.0969116,0,1326622.99,-4656292.08591
1314,207846.0969067,0,1338622.99,-4656292.08591
1315,207846.0969067,0,1350622.99,-4656292.08591
1316,207846.0969067,0,1362622.99,-4656292.08591
1317,415692.1938184,2,1374622.99,-4656292.08591
1318,2832.2849414,0,1386622.99,-4656292.08591
1324,103923.0484546,0,1128622.99,-4659756.18753
1325,138564.0646077,0,1140622.99,-4659756.18753
1326,138564.0646045,0,1152622.99,-4659756.18753
1327,415692.1938184,0,1164622.99,-4659756.18753
1328,207846.0969092,2,1176622.99,-4659756.18753
1329,138564.0646061,2,1188622.99,-4659756.18753
1330,207846.0969116,2,1200622.99,-4659756.18753
1331,207846.0969067,2,1212622.99,-4659756.18753
1332,415692.1938184,0,1224622.99,-4659756.18753
1333,415692.1938184,0,1236622.99,-4659756.18753
1334,415692.1938184,0,1248622.99,-4659756.18753
1335,415692.1938184,0,1260622.99,-4659756.18753
1336,138564.0646077,0,1272622.99,-4659756.18753
1337,207846.0969067,0,1284622.99,-4659756.18753
1338,103923.0484546,0,1296622.99,-4659756.18753
1339,103923.0484534,0,1308622.99,-4659756.18753
1340,138564.0646061,0,1320622.99,-4659756.18753
1341,138564.0646077,0,1332622.99,-4659756.18753
1342,207846.0969043,0,1344622.99,-4659756.18753
1343,103923.0484534,0,1356622.99,-4659756.18753
1344,103923.0484534,0,1368622.99,-4659756.18753
1345,69452.8609094,0,1380622.99,-4659756.18753
1351,52529.7453809,0,1122622.99,-4663220.28914
1352,207846.0969043,0,1134622.99,-4663220.28914
1353,138564.0646029,0,1146622.99,-4663220.28914
1354,207846.0969116,0,1158622.99,-4663220.28914
1355,415692.1938232,2,1170622.99,-4663220.28914
1356,207846.0969116,2,1182622.99,-4663220.28914
1357,207846.0969043,2,1194622.99,-4663220.28914
1358,207846.0969043,2,1206622.99,-4663220.28914
1359,207846.0969092,0,1218622.99,-4663220.28914
1360,415692.1938184,0,1230622.99,-4663220.28914
1361,415692.1938135,0,1242622.99,-4663220.28914
1362,415692.1938232,0,1254622.99,-4663220.28914
1363,207846.0969067,0,1266622.99,-4663220.28914
1364,103923.0484558,0,1278622.99,-4663220.28914
1365,103923.0484521,0,1290622.99,-4663220.28914
1366,138564.0646045,0,1302622.99,-4663220.28914
1367,207846.0969092,0,1314622.99,-4663220.28914
1368,207846.0969092,0,1326622.99,-4663220.28914
1369,103923.0484583,0,1338622.99,-4663220.28914
1370,103923.0484521,0,1350622.99,-4663220.28914
1371,138564.0646012,2,1362622.99,-4663220.28914
1372,207846.0969116,0,1374622.99,-4663220.28914
1373,4.0925537,0,1386622.99,-4663220.28914
1379,88869.1239624,0,1128622.99,-4666684.39076
1380,103923.0484534,0,1140622.99,-4666684.39076
1381,138564.0646045,0,1152622.99,-4666684.39076
1382,415692.1938184,2,1164622.99,-4666684.39076
1383,207846.0969116,2,1176622.99,-4666684.39076
1384,207846.0969067,2,1188622.99,-4666684.39076
1385,415692.1938086,2,1200622.99,-4666684.39076
1386,415692.1938232,0,1212622.99,-4666684.39076
1387,415692.1938184,0,1224622.99,-4666684.39076
1388,415692.1938184,0,1236622.99,-4666684.39076
1389,415692.1938135,0,1248622.99,-4666684.39076
1390,415692.1938184,0,1260622.99,-4666684.39076
1391,207846.0969067,0,1272622.99,-4666684.39076
1392,207846.0969116,0,1284622.99,-4666684.39076
1393,138564.0646045,0,1296622.99,-4666684.39076
1394,103923.0484558,0,1308622.99,-4666684.39076
1395,103923.0484521,0,1320622.99,-4666684.39076
1396,138564.0646045,0,1332622.99,-4666684.39076
1397,207846.0969067,0,1344622.99,-4666684.39076
1398,138564.0646077,0,1356622.99,-4666684.39076
1399,103923.048457,0,1368622.99,-4666684.39076
1400,95507.2275317,0,1380622.99,-4666684.39076
1406,65595.2974365,0,1122622.99,-4670148.49237
1407,201586.5146484,0,1134622.99,-4670148.49237
1408,138564.0646061,0,1146622.99,-4670148.49237
1409,207846.0969092,0,1158622.99,-4670148.49237
1410,415692.1938184,2,1170622.99,-4670148.49237
1411,207846.0969067,2,1182622.99,-4670148.49237
1412,415692.1938184,2,1194622.99,-4670148.49237
1413,415692.1938135,2,1206622.99,-4670148.49237
1414,415692.1938184,0,1218622.99,-4670148.49237
1415,415692.1938086,0,1230622.99,-4670148.49237
1416,415692.1938184,0,1242622.99,-4670148.49237
1417,415692.1938184,0,1254622.99,-4670148.49237
1418,207846.0969141,0,1266622.99,-4670148.49237
1419,138564.0646077,0,1278622.99,-4670148.49237
1420,103923.0484521,0,1290622.99,-4670148.49237
1421,103923.048457,0,1302622.99,-4670148.49237
1422,207846.0969067,0,1314622.99,-4670148.49237
1423,103923.0484546,0,1326622.99,-4670148.49237
1424,103923.0484534,0,1338622.99,-4670148.49237
1425,103923.0484558,0,1350622.99,-4670148.49237
1426,103923.0484534,0,1362622.99,-4670148.49237
1427,207846.0969116,0,1374622.99,-4670148.49237
1428,26452.9325537,0,1386622.99,-4670148.49237
1433,48940.3126188,0,1116622.99,-4673612.59399
1434,9100.0389323,0,1128622.99,-4673612.59399
1435,207846.0969092,0,1140622.99,-4673612.59399
1436,415692.1938232,0,1152622.99,-4673612.59399
1437,415692.1938135,2,1164622.99,-4673612.59399
1438,207846.0969067,2,1176622.99,-4673612.59399
1439,207846.0969067,2,1188622.99,-4673612.59399
1440,415692.1938232,0,1200622.99,-4673612.59399
1441,415692.1938135,0,1212622.99,-4673612.59399
1442,415692.1938135,0,1224622.99,-4673612.59399
1443,415692.1938135,0,1236622.99,-4673612.59399
1444,415692.1938184,0,1248622.99,-4673612.59399
1445,415692.1938232,0,1260622.99,-4673612.59399
1446,415692.1938135,0,1272622.99,-4673612.59399
1447,415692.1938135,0,1284622.99,-4673612.59399
1448,207846.0969043,0,1296622.99,-4673612.59399
1449,207846.0969116,0,1308622.99,-4673612.59399
1450,207846.0969092,0,1320622.99,-4673612.59399
1451,207846.0969092,0,1332622.99,-4673612.59399
1452,415692.1938135,0,1344622.99,-4673612.59399
1453,207846.0969116,0,1356622.99,-4673612.59399
1454,207846.0969116,0,1368622.99,-4673612.59399
1455,185281.4145117,2,1380622.99,-4673612.59399
1461,27028.2909265,0,1122622.99,-4677076.6956
1462,189479.6761157,0,1134622.99,-4677076.6956
1463,207846.0969092,0,1146622.99,-4677076.6956
1464,415692.1938135,2,1158622.99,-4677076.6956
1465,415692.1938184,2,1170622.99,-4677076.6956
1466,207846.0969043,2,1182622.99,-4677076.6956
1467,415692.1938135,2,1194622.99,-4677076.6956
1468,415692.1938184,0,1206622.99,-4677076.6956
1469,207846.0969043,0,1218622.99,-4677076.6956
1470,207846.0969043,0,1230622.99,-4677076.6956
1471,415692.1938184,0,1242622.99,-4677076.6956
1472,415692.1938135,0,1254622.99,-4677076.6956
1473,207846.0969043,0,1266622.99,-4677076.6956
1474,207846.0969092,0,1278622.99,-4677076.6956
1475,103923.0484521,0,1290622.99,-4677076.6956
1476,138564.0646012,0,1302622.99,-4677076.6956
1477,207846.0969116,0,1314622.99,-4677076.6956
1478,138564.0646029,0,1326622.99,-4677076.6956
1479,138564.0646029,0,1338622.99,-4677076.6956
1480,138564.0646077,0,1350622.99,-4677076.6956
1481,138564.0646045,0,1362622.99,-4677076.6956
1482,207846.0968994,0,1374622.99,-4677076.6956
1488,34751.9503271,0,1116622.99,-4680540.79722
1489,2776.034563,0,1128622.99,-4680540.79722
1490,103923.0484534,0,1140622.99,-4680540.79722
1491,207846.0969067,2,1152622.99,-4680540.79722
1492,415692.1938184,2,1164622.99,-4680540.79722
1493,207846.0969043,2,1176622.99,-4680540.79722
1494,138564.0646061,2,1188622.99,-4680540.79722
1495,415692.1938184,0,1200622.99,-4680540.79722
1496,415692.1938135,0,1212622.99,-4680540.79722
1497,207846.0969092,0,1224622.99,-4680540.79722
1498,415692.1938135,0,1236622.99,-4680540.79722
1499,415692.1938184,0,1248622.99,-4680540.79722
1500,207846.0969092,0,1260622.99,-4680540.79722
1501,207846.0969092,0,1272622.99,-4680540.79722
1502,207846.0969067,0,1284622.99,-4680540.79722
1503,103923.048457,0,1296622.99,-4680540.79722
1504,103923.0484521,0,1308622.99,-4680540.79722
1505,103923.0484558,0,1320622.99,-4680540.79722
1506,103923.0484546,0,1332622.99,-4680540.79722
1507,415692.1938184,0,1344622.99,-4680540.79722
1508,103923.0484521,0,1356622.99,-4680540.79722
1509,103923.0484546,0,1368622.99,-4680540.79722
1510,51151.4775708,0,1380622.99,-4680540.79722
1516,190895.5619409,0,1122622.99,-4684004.89883
1517,130311.6713379,0,1134622.99,-4684004.89883
1518,207846.0969116,0,1146622.99,-4684004.89883
1519,415692.1938184,2,1158622.99,-4684004.89883
1520,415692.1938086,2,1170622.99,-4684004.89883
1521,415692.1938232,2,1182622.99,-4684004.89883
1522,415692.1938184,2,1194622.99,-4684004.89883
1523,415692.1938086,0,1206622.99,-4684004.89883
1524,207846.0969067,0,1218622.99,-4684004.89883
1525,207846.0969092,0,1230622.99,-4684004.89883
1526,415692.1938135,0,1242622.99,-4684004.89883
1527,415692.1938086,0,1254622.99,-4684004.89883
1528,207846.0969092,0,1266622.99,-4684004.89883
1529,207846.0969092,0,1278622.99,-4684004.89883
1530,207846.0969092,0,1290622.99,-4684004.89883
1531,207846.0969067,0,1302622.99,-4684004.89883
1532,415692.1938184,0,1314622.99,-4684004.89883
1533,207846.0969116,0,1326622.99,-4684004.89883
1534,207846.0969043,0,1338622.99,-4684004.89883
1535,207846.0969116,0,1350622.99,-4684004.89883
1536,207846.0969141,0,1362622.99,-4684004.89883
1537,415692.1938135,0,1374622.99,-4684004.89883
1543,49912.5293066,0,1116622.99,-4687469.00045
1544,38833.8198096,0,1128622.99,-4687469.00045
1545,34404.5707507,2,1140622.99,-4687469.00045
1546,207846.0969092,0,1152622.99,-4687469.00045
1547,415692.1938184,2,1164622.99,-4687469.00045
1548,415692.1938184,2,1176622.99,-4687469.00045
1549,207846.0969092,2,1188622.99,-4687469.00045
1550,415692.1938184,0,1200622.99,-4687469.00045
1551,415692.1938184,0,1212622.99,-4687469.00045
1552,207846.0969092,0,1224622.99,-4687469.00045
1553,207846.0969141,0,1236622.99,-4687469.00045
1554,138564.0646045,0,1248622.99,-4687469.00045
1555,103923.0484546,0,1260622.99,-4687469.00045
1556,207846.0969043,0,1272622.99,-4687469.00045
1557,207846.0969067,0,1284622.99,-4687469.00045
1558,138564.0646029,0,1296622.99,-4687469.00045
1559,103923.0484546,0,1308622.99,-4687469.00045
1560,103923.0484521,0,1320622.99,-4687469.00045
1561,207846.0969092,0,1332622.99,-4687469.00045
1562,415692.1938184,0,1344622.99,-4687469.00045
1563,138564.0646045,0,1356622.99,-4687469.00045
1564,136375.416626,0,1368622.99,-4687469.00045
1565,71461.4151343,0,1380622.99,-4687469.00045
1571,103923.0484558,0,1122622.99,-4690933.10206
1572,107835.4118506,0,1134622.99,-4690933.10206
1573,73068.8817847,0,1146622.99,-4690933.10206
1574,415692.1938135,2,1158622.99,-4690933.10206
1575,415692.1938232,2,1170622.99,-4690933.10206
1576,415692.1938086,2,1182622.99,-4690933.10206
1577,415692.1938135,2,1194622.99,-4690933.10206
1578,415692.1938184,0,1206622.99,-4690933.10206
1579,138564.0646045,0,1218622.99,-4690933.10206
1580,103923.0484521,0,1230622.99,-4690933.10206
1581,138564.0646045,0,1242622.99,-4690933.10206
1582,207846.0969092,0,1254622.99,-4690933.10206
1583,138564.0646094,0,1266622.99,-4690933.10206
1584,138564.0646061,0,1278622.99,-4690933.10206
1585,103923.0484546,0,1290622.99,-4690933.10206
1586,103923.0484558,0,1302622.99,-4690933.10206
1587,207846.0969092,0,1314622.99,-4690933.10206
1588,138564.0646077,0,1326622.99,-4690933.10206
1589,207846.0969067,0,1338622.99,-4690933.10206
1590,138564.0646061,0,1350622.99,-4690933.10206
1591,38684.1940149,0,1362622.99,-4690933.10206
1592,83007.8364331,0,1374622.99,-4690933.10206
1593,9442.5876172,0,1386622.99,-4690933.10206
1598,30157.631709,0,1116622.99,-4694397.20368
1599,207846.0969092,0,1128622.99,-4694397.20368
1600,5273.368313,0,1140622.99,-4694397.20368
1601,207846.0969092,2,1152622.99,-4694397.20368
1602,415692.1938135,2,1164622.99,-4694397.20368
1603,415692.1938184,2,1176622.99,-4694397.20368
1604,207846.0969067,2,1188622.99,-4694397.20368
1605,415692.1938135,2,1200622.99,-4694397.20368
1606,415692.1938184,0,1212622.99,-4694397.20368
1607,415692.1938135,0,1224622.99,-4694397.20368
1608,207846.0969043,0,1236622.99,-4694397.20368
1609,207846.0969092,0,1248622.99,-4694397.20368
1610,207846.0969092,0,1260622.99,-4694397.20368
1611,207846.0969092,0,1272622.99,-4694397.20368
1612,415692.1938135,0,1284622.99,-4694397.20368
1613,207846.0969141,0,1296622.99,-4694397.20368
1614,207846.0969092,0,1308622.99,-4694397.20368
1615,207846.0969092,0,1320622.99,-4694397.20368
1616,207846.0969067,0,1332622.99,-4694397.20368
1617,415692.1938184,0,1344622.99,-4694397.20368
1618,207846.0969116,0,1356622.99,-4694397.20368
1620,84837.0666927,0,1380622.99,-4694397.20368
1626,100693.1711438,0,1122622.99,-4697861.30529
1627,176489.9148975,0,1134622.99,-4697861.30529
1628,205856.6079492,2,1146622.99,-4697861.30529
1629,415692.1938135,2,1158622.99,-4697861.30529
1630,415692.1938184,2,1170622.99,-4697861.30529
1631,207846.0969067,2,1182622.99,-4697861.30529
1632,415692.1938135,2,1194622.99,-4697861.30529
1633,415692.1938135,2,1206622.99,-4697861.30529
1634,138564.0646045,0,1218622.99,-4697861.30529
1635,103923.0484534,0,1230622.99,-4697861.30529
1636,103923.0484558,0,1242622.99,-4697861.30529
1637,207846.0969067,0,1254622.99,-4697861.30529
1638,138564.0646045,0,1266622.99,-4697861.30529
1639,103923.0484546,0,1278622.99,-4697861.30529
1640,103923.0484546,0,1290622.99,-4697861.30529
1641,103923.0484534,0,1302622.99,-4697861.30529
1642,207846.0969092,0,1314622.99,-4697861.30529
1643,138564.0646061,0,1326622.99,-4697861.30529
1644,103923.0484546,0,1338622.99,-4697861.30529
1645,103923.0484521,0,1350622.99,-4697861.30529
1646,19026.8471997,0,1362622.99,-4697861.30529
1647,35089.5658154,0,1374622.99,-4697861.30529
1648,107.5540308,0,1386622.99,-4697861.30529
1653,19579.0068034,0,1116622.99,-4701325.40691
1654,103923.0484558,0,1128622.99,-4701325.40691
1655,97441.0454199,2,1140622.99,-4701325.40691
1656,207846.0969067,2,1152622.99,-4701325.40691
1657,415692.1938184,2,1164622.99,-4701325.40691
1658,207846.0969067,2,1176622.99,-4701325.40691
1659,138564.0646045,2,1188622.99,-4701325.40691
1660,415692.1938184,2,1200622.99,-4701325.40691
1661,415692.1938135,2,1212622.99,-4701325.40691
1662,207846.0969116,0,1224622.99,-4701325.40691
1663,138564.0646061,0,1236622.99,-4701325.40691
1664,103923.0484546,0,1248622.99,-4701325.40691
1665,103923.0484509,0,1260622.99,-4701325.40691
1666,103923.0484558,0,1272622.99,-4701325.40691
1667,207846.0969067,0,1284622.99,-4701325.40691
1668,138564.0646045,0,1296622.99,-4701325.40691
1669,103923.0484534,0,1308622.99,-4701325.40691
1670,103923.048457,0,1320622.99,-4701325.40691
1671,103923.0484521,0,1332622.99,-4701325.40691
1672,207846.0969116,0,1344622.99,-4701325.40691
1673,87300.5923877,0,1356622.99,-4701325.40691
1675,62333.6430479,2,1380622.99,-4701325.40691
1681,201486.6595386,0,1122622.99,-4704789.50852
1682,415692.1938184,0,1134622.99,-4704789.50852
1683,415692.1938086,2,1146622.99,-4704789.50852
1684,415692.1938184,2,1158622.99,-4704789.50852
1685,415692.1938086,2,1170622.99,-4704789.50852
1686,207846.0969116,2,1182622.99,-4704789.50852
1687,415692.1938086,2,1194622.99,-4704789.50852
1688,415692.1938184,2,1206622.99,-4704789.50852
1689,207846.0969043,2,1218622.99,-4704789.50852
1690,207846.0969092,0,1230622.99,-4704789.50852
1691,207846.0969043,0,1242622.99,-4704789.50852
1692,415692.1938184,0,1254622.99,-4704789.50852
1693,207846.0969043,0,1266622.99,-4704789.50852
1694,207846.0969092,0,1278622.99,-4704789.50852
1695,207846.0969043,0,1290622.99,-4704789.50852
1696,207846.0969141,0,1302622.99,-4704789.50852
1697,415692.1938086,0,1314622.99,-4704789.50852
1698,207846.0969092,0,1326622.99,-4704789.50852
1699,207846.0969043,0,1338622.99,-4704789.50852
1700,207846.0969092,0,1350622.99,-4704789.50852
1702,121320.9488965,0,1374622.99,-4704789.50852
1708,5467.0135913,0,1116622.99,-4708253.61014
1709,103923.0484534,0,1128622.99,-4708253.61014
1710,207846.0969092,2,1140622.99,-4708253.61014
1711,415692.1938184,2,1152622.99,-4708253.61014
1712,415692.1938135,2,1164622.99,-4708253.61014
1713,207846.0969043,2,1176622.99,-4708253.61014
1714,103923.048457,2,1188622.99,-4708253.61014
1715,207846.0969092,2,1200622.99,-4708253.61014
1716,138564.0646061,2,1212622.99,-4708253.61014
1717,207846.0969092,0,1224622.99,-4708253.61014
1718,138564.0646045,0,1236622.99,-4708253.61014
1719,103923.0484521,0,1248622.99,-4708253.61014
1720,103923.0484546,0,1260622.99,-4708253.61014
1721,103923.048457,0,1272622.99,-4708253.61014
1722,207846.0969092,0,1284622.99,-4708253.61014
1723,138564.0646077,0,1296622.99,-4708253.61014
1724,103923.0484546,0,1308622.99,-4708253.61014
1725,103923.0484521,0,1320622.99,-4708253.61014
1726,103923.0484546,0,1332622.99,-4708253.61014
1727,207846.0969092,0,1344622.99,-4708253.61014
1728,22780.6498389,0,1356622.99,-4708253.61014
1730,32465.2141016,0,1380622.99,-4708253.61014
1736,74380.8178845,0,1122622.99,-4711717.71175
1737,207846.0969092,0,1134622.99,-4711717.71175
1738,415692.1938184,2,1146622.99,-4711717.71175
1739,415692.1938184,2,1158622.99,-4711717.71175
1740,415692.1938184,2,1170622.99,-4711717.71175
1741,138564.0646077,2,1182622.99,-4711717.71175
1742,207846.0969067,2,1194622.99,-4711717.71175
1743,138564.0646029,2,1206622.99,-4711717.71175
1744,103923.0484521,0,1218622.99,-4711717.71175
1745,103923.0484546,0,1230622.99,-4711717.71175
1746,103923.0484546,0,1242622.99,-4711717.71175
1747,207846.0969116,0,1254622.99,-4711717.71175
1748,138564.0646077,0,1266622.99,-4711717.71175
1749,103923.0484546,0,1278622.99,-4711717.71175
1750,103923.0484546,0,1290622.99,-4711717.71175
1751,103923.0484521,0,1302622.99,-4711717.71175
1752,207846.0969067,0,1314622.99,-4711717.71175
1753,138564.0646061,0,1326622.99,-4711717.71175
1754,103923.0484546,0,1338622.99,-4711717.71175
1755,94865.6663635,0,1350622.99,-4711717.71175
1757,58677.8528141,0,1374622.99,-4711717.71175
1763,4464.6387451,0,1116622.99,-4715181.81337
1764,207846.0969067,0,1128622.99,-4715181.81337
1765,415692.1938184,2,1140622.99,-4715181.81337
1766,415692.1938135,0,1152622.99,-4715181.81337
1767,415692.1938232,2,1164622.99,-4715181.81337
1768,207846.0969067,2,1176622.99,-4715181.81337
1769,207846.0969092,2,1188622.99,-4715181.81337
1770,415692.1938135,2,1200622.99,-4715181.81337
1771,207846.0969067,2,1212622.99,-4715181.81337
1772,415692.1938135,0,1224622.99,-4715181.81337
1773,207846.0969067,0,1236622.99,-4715181.81337
1774,207846.0969092,0,1248622.99,-4715181.81337
1775,207846.0969067,0,1260622.99,-4715181.81337
1776,207846.0969116,0,1272622.99,-4715181.81337
1777,415692.1938135,0,1284622.99,-4715181.81337
1778,207846.0969092,0,1296622.99,-4715181.81337
1779,207846.0969067,0,1308622.99,-4715181.81337
1780,207846.0969067,0,1320622.99,-4715181.81337
1781,207846.0969067,0,1332622.99,-4715181.81337
1782,415692.1938135,0,1344622.99,-4715181.81337
1783,13090.4334082,0,1356622.99,-4715181.81337
1785,24588.4817517,0,1380622.99,-4715181.81337
1791,49229.7380261,0,1122622.99,-4718645.91498
1792,415692.1938135,2,1134622.99,-4718645.91498
1793,415692.1938232,0,1146622.99,-4718645.91498
1794,415692.1938135,2,1158622.99,-4718645.91498
1795,207846.0969092,2,1170622.99,-4718645.91498
1796,103923.0484534,2,1182622.99,-4718645.91498
1797,207846.0969043,2,1194622.99,-4718645.91498
1798,207846.0969092,2,1206622.99,-4718645.91498
1799,103923.0484546,0,1218622.99,-4718645.91498
1800,103923.0484558,0,1230622.99,-4718645.91498
1801,103923.0484558,0,1242622.99,-4718645.91498
1802,207846.0969116,0,1254622.99,-4718645.91498
1803,138564.0646077,0,1266622.99,-4718645.91498
1804,103923.0484546,0,1278622.99,-4718645.91498
1805,103923.0484521,0,1290622.99,-4718645.91498
1806,103923.0484546,0,1302622.99,-4718645.91498
1807,207846.0969116,0,1314622.99,-4718645.91498
1808,138564.0646029,0,1326622.99,-4718645.91498
1809,103923.0484558,0,1338622.99,-4718645.91498
1810,56121.4449939,0,1350622.99,-4718645.91498
1812,5072.2466162,0,1374622.99,-4718645.91498
1819,122267.6210433,0,1128622.99,-4722110.0166
1820,415692.1938184,2,1140622.99,-4722110.0166
1821,415692.1938184,2,1152622.99,-4722110.0166
1822,415692.1938135,2,1164622.99,-4722110.0166
1823,138564.0646061,2,1176622.99,-4722110.0166
1824,138564.0646045,0,1188622.99,-4722110.0166
1825,207846.0969092,2,1200622.99,-4722110.0166
1826,138564.0646045,2,1212622.99,-4722110.0166
1827,207846.0969067,0,1224622.99,-4722110.0166
1828,138564.0646061,0,1236622.99,-4722110.0166
1829,103923.0484546,0,1248622.99,-4722110.0166
1830,103923.0484558,0,1260622.99,-4722110.0166
1831,103923.0484521,0,1272622.99,-4722110.0166
1832,207846.0969067,0,1284622.99,-4722110.0166
1833,138564.0646045,0,1296622.99,-4722110.0166
1834,103923.0484546,0,1308622.99,-4722110.0166
1835,103923.0484546,0,1320622.99,-4722110.0166
1836,103923.0484558,0,1332622.99,-4722110.0166
1837,207846.0969067,0,1344622.99,-4722110.0166
1846,25.9728613,0,1122622.99,-4725574.11821
1847,415692.1938184,0,1134622.99,-4725574.11821
1848,415692.1938135,0,1146622.99,-4725574.11821
1849,415692.1938184,2,1158622.99,-4725574.11821
1850,207846.0969092,2,1170622.99,-4725574.11821
1851,207846.0969116,0,1182622.99,-4725574.11821
1852,415692.1938184,2,1194622.99,-4725574.11821
1853,207846.0969043,2,1206622.99,-4725574.11821
1854,207846.0969067,0,1218622.99,-4725574.11821
1855,207846.0969116,0,1230622.99,-4725574.11821
1856,207846.0969043,0,1242622.99,-4725574.11821
1857,415692.1938135,0,1254622.99,-4725574.11821
1858,207846.0969116,0,1266622.99,-4725574.11821
1859,207846.0969067,0,1278622.99,-4725574.11821
1860,207846.0969067,0,1290622.99,-4725574.11821
1861,207846.0969116,0,1302622.99,-4725574.11821
1862,415692.1938135,0,1314622.99,-4725574.11821
1863,207846.0969043,0,1326622.99,-4725574.11821
1864,207846.0969092,0,1338622.99,-4725574.11821
1865,104238.3601294,0,1350622.99,-4725574.11821
1874,74369.2870752,0,1128622.99,-4729038.21983
1875,207846.0969116,0,1140622.99,-4729038.21983
1876,415692.1938135,2,1152622.99,-4729038.21983
1877,207846.0969092,2,1164622.99,-4729038.21983
1878,207846.0969092,2,1176622.99,-4729038.21983
1879,415692.1938184,0,1188622.99,-4729038.21983
1880,207846.0969116,0,1200622.99,-4729038.21983
1881,103923.0484546,2,1212622.99,-4729038.21983
1882,207846.0969067,2,1224622.99,-4729038.21983
1883,103923.048457,0,1236622.99,-4729038.21983
1884,103923.0484558,0,1248622.99,-4729038.21983
1885,103923.0484558,0,1260622.99,-4729038.21983
1886,103923.0484546,0,1272622.99,-4729038.21983
1887,207846.0969067,0,1284622.99,-4729038.21983
1888,103923.0484546,0,1296622.99,-4729038.21983
1889,103923.0484546,0,1308622.99,-4729038.21983
1890,103923.0484534,0,1320622.99,-4729038.21983
1891,103923.0484546,0,1332622.99,-4729038.21983
1892,203729.7245361,0,1344622.99,-4729038.21983
1902,207846.0969043,0,1134622.99,-4732502.32144
1903,415692.1938184,0,1146622.99,-4732502.32144
1904,207846.0969067,2,1158622.99,-4732502.32144
1905,207846.0969067,2,1170622.99,-4732502.32144
1906,207846.0969116,0,1182622.99,-4732502.32144
1907,415692.1938135,0,1194622.99,-4732502.32144
1908,138564.0646077,0,1206622.99,-4732502.32144
1909,103923.0484534,0,1218622.99,-4732502.32144
1910,103923.0484534,2,1230622.99,-4732502.32144
1911,138564.0646045,0,1242622.99,-4732502.32144
1912,207846.0969019,0,1254622.99,-4732502.32144
1913,138564.0646061,0,1266622.99,-4732502.32144
1914,103923.0484534,0,1278622.99,-4732502.32144
1915,103923.0484521,0,1290622.99,-4732502.32144
1916,138564.0646077,0,1302622.99,-4732502.32144
1917,207846.0969067,0,1314622.99,-4732502.32144
1918,138564.0646077,0,1326622.99,-4732502.32144
1919,90937.2302356,0,1338622.99,-4732502.32144
1920,24783.2105615,0,1350622.99,-4732502.32144
1929,71406.821748,0,1128622.99,-4735966.42306
1930,207846.0969067,0,1140622.99,-4735966.42306
1931,415692.1938184,0,1152622.99,-4735966.42306
1932,415692.1938232,2,1164622.99,-4735966.42306
1933,207846.0969067,0,1176622.99,-4735966.42306
1934,415692.1938184,0,1188622.99,-4735966.42306
1935,415692.1938135,0,1200622.99,-4735966.42306
1936,207846.0969092,2,1212622.99,-4735966.42306
1937,415692.1938184,2,1224622.99,-4735966.42306
1938,207846.0969067,2,1236622.99,-4735966.42306
1939,207846.0969092,0,1248622.99,-4735966.42306
1940,207846.0969043,0,1260622.99,-4735966.42306
1941,207846.0969116,0,1272622.99,-4735966.42306
1942,415692.1938184,0,1284622.99,-4735966.42306
1943,207846.0969067,0,1296622.99,-4735966.42306
1944,207846.0969116,0,1308622.99,-4735966.42306
1945,207846.0969043,0,1320622.99,-4735966.42306
1946,207846.0969092,0,1332622.99,-4735966.42306
1947,76081.5362109,0,1344622.99,-4735966.42306
1948,7933.2124414,0,1356622.99,-4735966.42306
1957,207846.0969092,0,1134622.99,-4739430.52467
1958,415692.1938086,0,1146622.99,-4739430.52467
1959,207846.0969092,2,1158622.99,-4739430.52467
1960,415692.1938184,2,1170622.99,-4739430.52467
1961,207846.0969116,0,1182622.99,-4739430.52467
1962,415692.1938184,0,1194622.99,-4739430.52467
1963,207846.0969043,0,1206622.99,-4739430.52467
1964,103923.0484558,0,1218622.99,-4739430.52467
1965,103923.0484558,0,1230622.99,-4739430.52467
1966,103923.0484534,0,1242622.99,-4739430.52467
1967,207846.0969067,0,1254622.99,-4739430.52467
1968,103923.0484521,0,1266622.99,-4739430.52467
1969,103923.0484558,0,1278622.99,-4739430.52467
1970,103923.0484546,0,1290622.99,-4739430.52467
1971,103923.0484534,0,1302622.99,-4739430.52467
1972,207846.0969067,0,1314622.99,-4739430.52467
1973,103923.0484534,0,1326622.99,-4739430.52467
1974,98050.371427,0,1338622.99,-4739430.52467
1975,13222.4881104,0,1350622.99,-4739430.52467
1984,27761.0969861,0,1128622.99,-4742894.62629
1985,138564.0646045,0,1140622.99,-4742894.62629
1986,415692.1938184,2,1152622.99,-4742894.62629
1987,415692.1938135,2,1164622.99,-4742894.62629
1988,207846.0969141,2,1176622.99,-4742894.62629
1989,415692.1938135,0,1188622.99,-4742894.62629
1990,415692.1938184,0,1200622.99,-4742894.62629
1991,207846.0969092,0,1212622.99,-4742894.62629
1992,207846.0969067,0,1224622.99,-4742894.62629
1993,138564.0646029,0,1236622.99,-4742894.62629
1994,103923.0484546,0,1248622.99,-4742894.62629
1995,103923.0484546,0,1260622.99,-4742894.62629
1996,138564.0646077,0,1272622.99,-4742894.62629
1997,207846.0969043,0,1284622.99,-4742894.62629
1998,138564.0646045,0,1296622.99,-4742894.62629
1999,103923.0484546,0,1308622.99,-4742894.62629
2000,103923.0484558,0,1320622.99,-4742894.62629
2001,138564.0646045,0,1332622.99,-4742894.62629
2002,54950.7902197,0,1344622.99,-4742894.62629
2003,178360.7170313,0,1356622.99,-4742894.62629
2012,412716.9990234,0,1134622.99,-4746358.72791
2013,415692.1938184,0,1146622.99,-4746358.72791
2014,207846.0969067,2,1158622.99,-4746358.72791
2015,415692.1938135,2,1170622.99,-4746358.72791
2016,207846.0969043,2,1182622.99,-4746358.72791
2017,415692.1938184,0,1194622.99,-4746358.72791
2018,415692.1938184,0,1206622.99,-4746358.72791
2019,207846.0969092,2,1218622.99,-4746358.72791
2020,207846.0969043,0,1230622.99,-4746358.72791
2021,207846.0969092,0,1242622.99,-4746358.72791
2022,415692.1938184,0,1254622.99,-4746358.72791
2023,207846.0969067,0,1266622.99,-4746358.72791
2024,207846.0969092,0,1278622.99,-4746358.72791
2025,207846.0969067,0,1290622.99,-4746358.72791
2026,207846.0969043,0,1302622.99,-4746358.72791
2027,415692.1938184,0,1314622.99,-4746358.72791
2028,207846.0969116,0,1326622.99,-4746358.72791
2029,207846.0969092,0,1338622.99,-4746358.72791
2030,83621.1339453,0,1350622.99,-4746358.72791
2031,18074.2615576,0,1362622.99,-4746358.72791
2039,4658.7233105,0,1128622.99,-4749822.82952
2040,103923.0484546,0,1140622.99,-4749822.82952
2041,207846.0969092,2,1152622.99,-4749822.82952
2042,207846.0969067,2,1164622.99,-4749822.82952
2043,207846.0969092,2,1176622.99,-4749822.82952
2044,415692.1938135,0,1188622.99,-4749822.82952
2045,415692.1938232,0,1200622.99,-4749822.82952
2046,415692.1938135,0,1212622.99,-4749822.82952
2047,207846.0969092,0,1224622.99,-4749822.82952
2048,103923.0484534,0,1236622.99,-4749822.82952
2049,103923.0484534,0,1248622.99,-4749822.82952
2050,103923.0484546,0,1260622.99,-4749822.82952
2051,103923.048457,0,1272622.99,-4749822.82952
2052,207846.0969092,0,1284622.99,-4749822.82952
2053,103923.0484534,0,1296622.99,-4749822.82952
2054,103923.0484521,0,1308622.99,-4749822.82952
2055,103923.0484521,0,1320622.99,-4749822.82952
2056,103923.0484546,0,1332622.99,-4749822.82952
2057,55901.9948218,0,1344622.99,-4749822.82952
2058,55985.7283105,0,1356622.99,-4749822.82952
2067,3557.4529004,0,1134622.99,-4753286.93114
2068,207846.0969116,0,1146622.99,-4753286.93114
2069,207846.0969043,2,1158622.99,-4753286.93114
2070,207846.0969116,2,1170622.99,-4753286.93114
2071,207846.0969043,2,1182622.99,-4753286.93114
2072,415692.1938184,0,1194622.99,-4753286.93114
2073,415692.1938135,0,1206622.99,-4753286.93114
2074,207846.0969092,2,1218622.99,-4753286.93114
2075,103923.0484546,2,1230622.99,-4753286.93114
2076,138564.0646061,0,1242622.99,-4753286.93114
2077,207846.0969067,0,1254622.99,-4753286.93114
2078,138564.0646061,0,1266622.99,-4753286.93114
2079,103923.0484546,0,1278622.99,-4753286.93114
2080,103923.0484509,0,1290622.99,-4753286.93114
2081,130371.6045801,0,1302622.99,-4753286.93114
2082,207846.0969043,0,1314622.99,-4753286.93114
2083,138564.0646029,0,1326622.99,-4753286.93114
2084,89406.3782483,0,1338622.99,-4753286.93114
2085,110799.462063,0,1350622.99,-4753286.93114
2095,143453.840437,0,1140622.99,-4756751.03275
2096,207846.0969067,2,1152622.99,-4756751.03275
2097,415692.1938135,2,1164622.99,-4756751.03275
2098,138564.0646061,2,1176622.99,-4756751.03275
2099,415692.1938184,2,1188622.99,-4756751.03275
2100,415692.1938086,2,1200622.99,-4756751.03275
2101,415692.1938184,2,1212622.99,-4756751.03275
2102,207846.0969092,2,1224622.99,-4756751.03275
2103,138564.0646061,0,1236622.99,-4756751.03275
2104,103923.0484534,0,1248622.99,-4756751.03275
2105,103923.0484534,0,1260622.99,-4756751.03275
2106,138564.0646045,0,1272622.99,-4756751.03275
2107,207846.0969067,0,1284622.99,-4756751.03275
2108,132932.1300911,0,1296622.99,-4756751.03275
2109,111923.0076782,0,1308622.99,-4756751.03275
2110,103923.0484534,0,1320622.99,-4756751.03275
2111,138563.4555729,0,1332622.99,-4756751.03275
2112,1963.838811,0,1344622.99,-4756751.03275
2113,14673.4636084,0,1356622.99,-4756751.03275
2122,31393.7478223,0,1134622.99,-4760215.13437
2123,134858.9095133,2,1146622.99,-4760215.13437
2124,415692.1938232,2,1158622.99,-4760215.13437
2125,138564.0646045,2,1170622.99,-4760215.13437
2126,138564.0646029,2,1182622.99,-4760215.13437
2127,415692.1938135,2,1194622.99,-4760215.13437
2128,415692.1938135,0,1206622.99,-4760215.13437
2129,207846.0969067,2,1218622.99,-4760215.13437
2130,103923.0484534,2,1230622.99,-4760215.13437
2131,103923.0484546,0,1242622.99,-4760215.13437
2132,207846.0969067,0,1254622.99,-4760215.13437
2133,103923.0484546,2,1266622.99,-4760215.13437
2134,103923.0484546,2,1278622.99,-4760215.13437
2135,57608.3130729,0,1290622.99,-4760215.13437
2136,46909.8695776,0,1302622.99,-4760215.13437
2137,119663.0671517,0,1314622.99,-4760215.13437
2138,103923.048457,0,1326622.99,-4760215.13437
2139,3900.4819775,0,1338622.99,-4760215.13437
2150,503.7196436,0,1140622.99,-4763679.23598
2151,207846.0969067,2,1152622.99,-4763679.23598
2152,415692.1938135,2,1164622.99,-4763679.23598
2153,207846.0969092,2,1176622.99,-4763679.23598
2154,415692.1938184,2,1188622.99,-4763679.23598
2155,415692.1938184,2,1200622.99,-4763679.23598
2156,415692.1938184,2,1212622.99,-4763679.23598
2157,415692.1938184,2,1224622.99,-4763679.23598
2158,207846.0969116,0,1236622.99,-4763679.23598
2159,207846.0969092,0,1248622.99,-4763679.23598
2160,207846.0969067,0,1260622.99,-4763679.23598
2161,207846.0969043,2,1272622.99,-4763679.23598
2162,415692.1938184,0,1284622.99,-4763679.23598
2163,197244.3117554,0,1296622.99,-4763679.23598
2164,29865.7129492,0,1308622.99,-4763679.23598
2165,207846.0969092,0,1320622.99,-4763679.23598
2166,71678.052561,0,1332622.99,-4763679.23598
2178,32061.096166,0,1146622.99,-4767143.3376
2179,138564.0646077,2,1158622.99,-4767143.3376
2180,138564.0646029,2,1170622.99,-4767143.3376
2181,138564.0646029,2,1182622.99,-4767143.3376
2182,207846.0969092,2,1194622.99,-4767143.3376
2183,207846.0969067,0,1206622.99,-4767143.3376
2184,103923.0484558,2,1218622.99,-4767143.3376
2185,103923.048457,2,1230622.99,-4767143.3376
2186,138564.0646045,0,1242622.99,-4767143.3376
2187,207846.0969067,0,1254622.99,-4767143.3376
2188,138564.0646061,0,1266622.99,-4767143.3376
2189,103923.0484521,2,1278622.99,-4767143.3376
2190,33841.6953672,0,1290622.99,-4767143.3376
2191,55230.6210913,0,1302622.99,-4767143.3376
2192,209363.3948291,0,1314622.99,-4767143.3376
2193,137114.7492952,0,1326622.99,-4767143.3376
2194,35553.9092737,0,1338622.99,-4767143.3376
2206,101625.3232629,0,1152622.99,-4770607.43921
2207,207846.0969067,2,1164622.99,-4770607.43921
2208,103923.0484558,2,1176622.99,-4770607.43921
2209,138564.0646029,2,1188622.99,-4770607.43921
2210,138564.0646045,2,1200622.99,-4770607.43921
2211,138564.0646045,2,1212622.99,-4770607.43921
2212,207846.0969067,2,1224622.99,-4770607.43921
2213,103923.0484534,0,1236622.99,-4770607.43921
2214,103923.0484558,0,1248622.99,-4770607.43921
2215,103923.0484558,0,1260622.99,-4770607.43921
2216,103923.0484521,0,1272622.99,-4770607.43921
2217,207846.0969067,0,1284622.99,-4770607.43921
2218,28047.2593506,0,1296622.99,-4770607.43921
2220,22538.8681828,0,1320622.99,-4770607.43921
2221,46406.3265518,0,1332622.99,-4770607.43921
2222,29635.6395728,0,1344622.99,-4770607.43921
2233,25403.9236182,0,1146622.99,-4774071.54083
2234,207846.0969092,2,1158622.99,-4774071.54083
2235,415692.1938232,2,1170622.99,-4774071.54083
2236,207846.0969043,2,1182622.99,-4774071.54083
2237,415692.1938135,2,1194622.99,-4774071.54083
2238,207846.0969116,2,1206622.99,-4774071.54083
2239,207846.0969067,2,1218622.99,-4774071.54083
2240,207846.0969067,0,1230622.99,-4774071.54083
2241,207846.0969116,0,1242622.99,-4774071.54083
2242,415692.1938135,0,1254622.99,-4774071.54083
2243,207846.0969067,0,1266622.99,-4774071.54083
2244,207846.0969116,0,1278622.99,-4774071.54083
2245,25577.7249089,0,1290622.99,-4774071.54083
2246,185777.7309058,0,1302622.99,-4774071.54083
2247,51894.5452051,0,1314622.99,-4774071.54083
2248,22969.4302246,0,1326622.99,-4774071.54083
2249,205489.6095435,0,1338622.99,-4774071.54083
2261,104517.258208,0,1152622.99,-4777535.64244
2262,207846.0969092,2,1164622.99,-4777535.64244
2263,138564.0646061,2,1176622.99,-4777535.64244
2264,138564.0646045,2,1188622.99,-4777535.64244
2265,138564.0646061,2,1200622.99,-4777535.64244
2266,138564.0646061,2,1212622.99,-4777535.64244
2267,207846.0969116,2,1224622.99,-4777535.64244
2268,207846.0969067,0,1236622.99,-4777535.64244
2269,103923.0484546,0,1248622.99,-4777535.64244
2270,103923.0484521,0,1260622.99,-4777535.64244
2271,138564.0646045,0,1272622.99,-4777535.64244
2272,108436.3409961,0,1284622.99,-4777535.64244
2273,23465.3511689,0,1296622.99,-4777535.64244
2274,15384.1208936,0,1308622.99,-4777535.64244
2275,52725.7537061,0,1320622.99,-4777535.64244
2276,106600.6826839,0,1332622.99,-4777535.64244
2277,58972.9381421,0,1344622.99,-4777535.64244
2289,81329.8724385,2,1158622.99,-4780999.74406
2290,138564.0646045,2,1170622.99,-4780999.74406
2291,103923.0484534,2,1182622.99,-4780999.74406
2292,207846.0969092,2,1194622.99,-4780999.74406
2293,138564.0646045,2,1206622.99,-4780999.74406
2294,138564.0645996,2,1218622.99,-4780999.74406
2295,207846.0969092,0,1230622.99,-4780999.74406
2296,138564.0646045,0,1242622.99,-4780999.74406
2297,207846.0969092,0,1254622.99,-4780999.74406
2298,103923.048457,0,1266622.99,-4780999.74406
2299,97118.4177539,0,1278622.99,-4780999.74406
2300,6558.1920234,0,1290622.99,-4780999.74406
2301,36671.2958582,0,1302622.99,-4780999.74406
2302,99137.5261344,0,1314622.99,-4780999.74406
2303,2900.5103483,0,1326622.99,-4780999.74406
2304,86488.5351575,0,1338622.99,-4780999.74406
2316,17398.3649121,0,1152622.99,-4784463.84567
2317,409264.2006055,2,1164622.99,-4784463.84567
2318,207846.0969116,2,1176622.99,-4784463.84567
2319,415692.1938184,2,1188622.99,-4784463.84567
2320,415692.1938135,2,1200622.99,-4784463.84567
2321,415692.1938184,2,1212622.99,-4784463.84567
2322,415692.1938232,2,1224622.99,-4784463.84567
2323,207846.0969092,0,1236622.99,-4784463.84567
2324,207846.0969067,0,1248622.99,-4784463.84567
2325,204267.3327612,0,1260622.99,-4784463.84567
2326,207846.0969092,0,1272622.99,-4784463.84567
2327,51902.2712874,0,1284622.99,-4784463.84567
2328,41258.5338916,0,1296622.99,-4784463.84567
2329,37477.0650049,0,1308622.99,-4784463.84567
2330,85005.3814714,0,1320622.99,-4784463.84567
2331,100582.1123307,0,1332622.99,-4784463.84567
2344,76893.0736853,2,1158622.99,-4787927.94729
2345,98620.8774658,2,1170622.99,-4787927.94729
2346,138564.0646094,2,1182622.99,-4787927.94729
2347,415692.1938184,2,1194622.99,-4787927.94729
2348,415692.1938184,2,1206622.99,-4787927.94729
2349,415692.1938135,2,1218622.99,-4787927.94729
2350,415692.1938184,0,1230622.99,-4787927.94729
2351,138564.0646061,0,1242622.99,-4787927.94729
2352,82571.8693982,0,1254622.99,-4787927.94729
2353,138564.0646029,0,1266622.99,-4787927.94729
2354,86276.5569153,0,1278622.99,-4787927.94729
2355,39033.9515552,0,1290622.99,-4787927.94729
2357,172347.0680737,0,1314622.99,-4787927.94729
2358,81242.4126969,0,1326622.99,-4787927.94729
2359,75132.8485352,0,1338622.99,-4787927.94729
2372,153423.7774609,2,1164622.99,-4791392.0489
2373,138564.0646029,2,1176622.99,-4791392.0489
2374,415692.1938184,2,1188622.99,-4791392.0489
2375,415692.1938232,2,1200622.99,-4791392.0489
2376,415692.1938086,2,1212622.99,-4791392.0489
2377,415692.1938184,2,1224622.99,-4791392.0489
2378,207846.0969067,0,1236622.99,-4791392.0489
2379,103923.0484534,0,1248622.99,-4791392.0489
2380,102567.3759497,0,1260622.99,-4791392.0489
2381,103923.0484558,0,1272622.99,-4791392.0489
2382,81333.7290202,0,1284622.99,-4791392.0489
2385,70622.8159736,0,1320622.99,-4791392.0489
2386,103375.4679321,0,1332622.99,-4791392.0489
2399,72899.085249,0,1158622.99,-4794856.15052
2400,121787.3682251,2,1170622.99,-4794856.15052
2401,207846.0969067,2,1182622.99,-4794856.15052
2402,415692.1938135,2,1194622.99,-4794856.15052
2403,415692.1938135,2,1206622.99,-4794856.15052
2404,415692.1938135,2,1218622.99,-4794856.15052
2405,415692.1938184,0,1230622.99,-4794856.15052
2406,207846.0969092,0,1242622.99,-4794856.15052
2407,31144.2776416,0,1254622.99,-4794856.15052
2408,6801.6286865,0,1266622.99,-4794856.15052
2409,89159.0137354,0,1278622.99,-4794856.15052
2410,105267.8230396,0,1290622.99,-4794856.15052
2412,44147.54323,0,1314622.99,-4794856.15052
2413,200130.8467505,0,1326622.99,-4794856.15052
2414,116860.5379443,0,1338622.99,-4794856.15052
2427,44529.3162207,0,1164622.99,-4798320.25213
2428,207846.0969092,2,1176622.99,-4798320.25213
2429,415692.1938184,2,1188622.99,-4798320.25213
2430,415692.1938184,2,1200622.99,-4798320.25213
2431,415692.1938184,2,1212622.99,-4798320.25213
2432,415692.1938184,2,1224622.99,-4798320.25213
2433,207846.0969092,0,1236622.99,-4798320.25213
2434,103923.0484534,0,1248622.99,-4798320.25213
2435,33904.2963436,0,1260622.99,-4798320.25213
2436,103923.0484546,0,1272622.99,-4798320.25213
2437,20781.6609033,0,1284622.99,-4798320.25213
2440,103923.0484534,0,1320622.99,-4798320.25213
2441,27925.5155918,0,1332622.99,-4798320.25213
2442,2764.8207666,0,1344622.99,-4798320.25213
2455,14821.1945764,0,1170622.99,-4801784.35375
2456,207846.0969116,2,1182622.99,-4801784.35375
2457,415692.1938135,2,1194622.99,-4801784.35375
2458,415692.1938232,2,1206622.99,-4801784.35375
2459,415692.1938232,2,1218622.99,-4801784.35375
2460,415692.1938135,2,1230622.99,-4801784.35375
2461,138564.0646029,0,1242622.99,-4801784.35375
2462,207846.0969116,0,1254622.99,-4801784.35375
2463,67803.6784017,0,1266622.99,-4801784.35375
2464,37177.1176624,0,1278622.99,-4801784.35375
2465,64390.60922,0,1290622.99,-4801784.35375
2467,26288.8438818,0,1314622.99,-4801784.35375
2468,96672.3169922,0,1326622.99,-4801784.35375
2469,58125.0932996,0,1338622.99,-4801784.35375
2482,39233.1711182,0,1164622.99,-4805248.45536
2483,207846.0969067,2,1176622.99,-4805248.45536
2484,415692.1938184,2,1188622.99,-4805248.45536
2485,415692.1938184,2,1200622.99,-4805248.45536
2486,415692.1938184,2,1212622.99,-4805248.45536
2487,415692.1938135,2,1224622.99,-4805248.45536
2488,207846.0969116,0,1236622.99,-4805248.45536
2489,207846.0969092,0,1248622.99,-4805248.45536
2490,163192.9533203,0,1260622.99,-4805248.45536
2491,108141.546167,0,1272622.99,-4805248.45536
2492,3935.8388089,0,1284622.99,-4805248.45536
2495,69861.0738208,0,1320622.99,-4805248.45536
2496,23598.8391781,0,1332622.99,-4805248.45536
2510,44778.5671016,2,1170622.99,-4808712.55698
2511,103923.0484558,0,1182622.99,-4808712.55698
2512,207846.0969092,2,1194622.99,-4808712.55698
2513,415692.1938086,2,1206622.99,-4808712.55698
2514,415692.1938232,2,1218622.99,-4808712.55698
2515,415692.1938184,2,1230622.99,-4808712.55698
2516,138564.0646077,0,1242622.99,-4808712.55698
2517,119168.7885872,0,1254622.99,-4808712.55698
2519,73721.079375,0,1278622.99,-4808712.55698
2524,29775.9156201,0,1338622.99,-4808712.55698
2538,138564.0646029,2,1176622.99,-4812176.65859
2539,207846.0969067,2,1188622.99,-4812176.65859
2540,207846.0969092,2,1200622.99,-4812176.65859
2541,415692.1938184,2,1212622.99,-4812176.65859
2542,415692.1938135,2,1224622.99,-4812176.65859
2543,207846.0969067,2,1236622.99,-4812176.65859
2544,103923.0484521,0,1248622.99,-4812176.65859
2545,22902.5814917,0,1260622.99,-4812176.65859
2546,105667.994917,0,1272622.99,-4812176.65859
2547,29969.6753369,0,1284622.99,-4812176.65859
2565,71339.4598145,0,1170622.99,-4815640.76021
2566,207832.159353,2,1182622.99,-4815640.76021
2567,415692.1938184,2,1194622.99,-4815640.76021
2568,415692.1938184,2,1206622.99,-4815640.76021
2569,415692.1938184,2,1218622.99,-4815640.76021
2570,415692.1938135,2,1230622.99,-4815640.76021
2571,207846.0969067,0,1242622.99,-4815640.76021
2572,363043.4867822,0,1254622.99,-4815640.76021
2573,3156.8215055,0,1266622.99,-4815640.76021
2574,207494.5299902,0,1278622.99,-4815640.76021
2593,80947.5759248,2,1176622.99,-4819104.86182
2594,134713.1262915,0,1188622.99,-4819104.86182
2595,103822.4973669,2,1200622.99,-4819104.86182
2596,138564.0646061,2,1212622.99,-4819104.86182
2597,415692.1938135,2,1224622.99,-4819104.86182
2598,138564.0646061,2,1236622.99,-4819104.86182
2599,99441.0956787,0,1248622.99,-4819104.86182
2600,21993.7187085,0,1260622.99,-4819104.86182
2601,55219.361189,0,1272622.99,-4819104.86182
2602,113037.8783618,0,1284622.99,-4819104.86182
2620,0,0,1170622.99,-4822568.96344
2621,17388.5502686,0,1182622.99,-4822568.96344
2622,85817.9368018,2,1194622.99,-4822568.96344
2623,133293.4016797,2,1206622.99,-4822568.96344
2624,207846.0969092,2,1218622.99,-4822568.96344
2625,415692.1938086,2,1230622.99,-4822568.96344
2626,138564.0646061,0,1242622.99,-4822568.96344
2627,27686.468728,0,1254622.99,-4822568.96344
2628,29789.2354167,0,1266622.99,-4822568.96344
2629,103493.006499,0,1278622.99,-4822568.96344
2648,51846.2977295,0,1176622.99,-4826033.06505
2649,6733.494126,0,1188622.99,-4826033.06505
2650,34756.0876807,0,1200622.99,-4826033.06505
2651,88536.7413745,0,1212622.99,-4826033.06505
2652,415692.1938184,2,1224622.99,-4826033.06505
2653,207846.0969092,2,1236622.99,-4826033.06505
2654,174510.3675903,0,1248622.99,-4826033.06505
2656,36447.4225358,0,1272622.99,-4826033.06505
2657,7254.243374,0,1284622.99,-4826033.06505
2678,3759.440957,0,1206622.99,-4829497.16667
2679,26148.8572471,0,1218622.99,-4829497.16667
2680,138564.0646029,2,1230622.99,-4829497.16667
2681,71099.4248994,0,1242622.99,-4829497.16667
2683,18978.6530794,0,1266622.99,-4829497.16667
2684,35535.7155257,2,1278622.99,-4829497.16667
2707,22363.9483838,0,1224622.99,-4832961.26828
2708,136495.5467773,2,1236622.99,-4832961.26828
2709,5551.0122656,0,1248622.99,-4832961.26828
2735,124687.8022021,2,1230622.99,-4836425.3699
2736,148174.5115137,0,1242622.99,-4836425.3699
2762,5207.2893701,0,1224622.99,-4839889.47151
2763,17669.6962769,0,1236622.99,-4839889.47151
2791,865.7843604,0,1242622.99,-4843353.57313
