id,cost,status,xloc,yloc
3,0,0,1116622.99,-4493479.31
30,752727.48438,3,1110622.99,-4496943.41162
56,3734907.50781,0,1092622.99,-4500407.51323
58,1695902.08122,0,1116622.99,-4500407.51323
84,3422025.59424,0,1098622.99,-4503871.61485
85,17890758.36914,0,1110622.99,-4503871.61485
86,965325.30566,0,1122622.99,-4503871.61485
111,7154763.01953,0,1092622.99,-4507335.71646
112,2979099.27136,0,1104622.99,-4507335.71646
113,8816207.66162,0,1116622.99,-4507335.71646
138,2742.06055,0,1086622.99,-4510799.81808
139,9893010.47253,0,1098622.99,-4510799.81808
140,3297944.37345,0,1110622.99,-4510799.81808
141,2632042.23633,0,1122622.99,-4510799.81808
166,0,0,1092622.99,-4514263.91969
167,40758088.38721,0,1104622.99,-4514263.91969
168,7199345.05143,0,1116622.99,-4514263.91969
170,4404982.31982,0,1140622.99,-4514263.91969
194,10392304.84546,0,1098622.99,-4517728.02131
195,10392304.84546,0,1110622.99,-4517728.02131
196,3113009.75502,0,1122622.99,-4517728.02131
197,2137965.71484,0,1134622.99,-4517728.02131
198,159423.7085,0,1146622.99,-4517728.02131
221,16333171.80933,0,1092622.99,-4521192.12292
222,20784609.69116,0,1104622.99,-4521192.12292
223,13856406.46045,0,1116622.99,-4521192.12292
224,5705185.37244,0,1128622.99,-4521192.12292
225,2559851.19491,0,1140622.99,-4521192.12292
248,3000473.58643,0,1086622.99,-4524656.22454
249,20784609.69067,0,1098622.99,-4524656.22454
250,20784609.69067,0,1110622.99,-4524656.22454
251,20544683.15332,0,1122622.99,-4524656.22454
252,40748025.99902,0,1134622.99,-4524656.22454
253,6348030.30762,0,1146622.99,-4524656.22454
275,1098081.04867,0,1080622.99,-4528120.32615
276,10392304.84546,0,1092622.99,-4528120.32615
277,20784609.69067,0,1104622.99,-4528120.32615
278,13856406.46045,0,1116622.99,-4528120.32615
279,10392304.84534,0,1128622.99,-4528120.32615
280,10378585.67859,0,1140622.99,-4528120.32615
281,3441749.72253,0,1152622.99,-4528120.32615
303,13736229.50146,0,1086622.99,-4531584.42777
304,10392304.84546,0,1098622.99,-4531584.42777
305,10392304.84534,0,1110622.99,-4531584.42777
306,10392304.84546,0,1122622.99,-4531584.42777
307,20784609.69092,0,1134622.99,-4531584.42777
308,13856406.46045,0,1146622.99,-4531584.42777
309,3043901.49468,0,1158622.99,-4531584.42777
330,7038324.08447,0,1080622.99,-4535048.52938
331,20784609.69116,0,1092622.99,-4535048.52938
332,41569219.38135,0,1104622.99,-4535048.52938
333,20784609.69116,0,1116622.99,-4535048.52938
334,20784609.69092,0,1128622.99,-4535048.52938
335,20784609.69092,0,1140622.99,-4535048.52938
336,20784609.69092,0,1152622.99,-4535048.52938
337,14214565.47705,0,1164622.99,-4535048.52938
358,13856406.46061,0,1086622.99,-4538512.631
359,10392304.84534,0,1098622.99,-4538512.631
360,10392304.84546,0,1110622.99,-4538512.631
361,10392304.84558,0,1122622.99,-4538512.631
362,20784609.69067,0,1134622.99,-4538512.631
363,13856406.46045,0,1146622.99,-4538512.631
364,10392304.84546,0,1158622.99,-4538512.631
365,3681810.58213,0,1170622.99,-4538512.631
382,1340070.87988,0,1374622.99,-4538512.631
385,2292902.7998,0,1080622.99,-4541976.73261
386,10392304.84558,0,1092622.99,-4541976.73261
387,20784609.69067,0,1104622.99,-4541976.73261
388,13856406.46061,0,1116622.99,-4541976.73261
389,10392304.84534,0,1128622.99,-4541976.73261
390,10392304.84534,0,1140622.99,-4541976.73261
391,10392304.8457,0,1152622.99,-4541976.73261
392,20784609.69043,0,1164622.99,-4541976.73261
393,9527294.72876,0,1176622.99,-4541976.73261
407,1571968.40967,0,1344622.99,-4541976.73261
409,2281097.27627,0,1368622.99,-4541976.73261
410,252766.18823,0,1380622.99,-4541976.73261
413,15421261.73486,0,1086622.99,-4545440.83423
414,20784609.69092,0,1098622.99,-4545440.83423
415,20784609.69116,0,1110622.99,-4545440.83423
416,20784609.69092,0,1122622.99,-4545440.83423
417,41569219.38184,0,1134622.99,-4545440.83423
418,20784609.69092,2,1146622.99,-4545440.83423
419,20784609.69067,0,1158622.99,-4545440.83423
420,20784609.69067,0,1170622.99,-4545440.83423
421,941812.76807,0,1182622.99,-4545440.83423
434,744350.94019,0,1338622.99,-4545440.83423
437,38204616.5293,0,1374622.99,-4545440.83423
441,10392304.84558,0,1092622.99,-4548904.93584
442,20784609.69067,0,1104622.99,-4548904.93584
443,13856406.46061,0,1116622.99,-4548904.93584
444,10392304.84534,0,1128622.99,-4548904.93584
445,10392304.84534,0,1140622.99,-4548904.93584
446,10392304.84546,0,1152622.99,-4548904.93584
447,20784609.69165,0,1164622.99,-4548904.93584
448,13763245.81494,0,1176622.99,-4548904.93584
449,999840.45605,0,1188622.99,-4548904.93584
462,12520316.35181,0,1344622.99,-4548904.93584
464,8219867.04578,0,1368622.99,-4548904.93584
465,7771500.79651,0,1380622.99,-4548904.93584
468,14220612.46582,0,1086622.99,-4552369.03746
469,10392304.84534,0,1098622.99,-4552369.03746
470,10392304.84509,0,1110622.99,-4552369.03746
471,10392304.84546,0,1122622.99,-4552369.03746
472,20784609.69092,0,1134622.99,-4552369.03746
473,13856406.46061,0,1146622.99,-4552369.03746
474,10392304.84521,0,1158622.99,-4552369.03746
475,10392304.84558,0,1170622.99,-4552369.03746
476,8813005.04431,0,1182622.99,-4552369.03746
477,1036461.44629,0,1194622.99,-4552369.03746
487,64863.38477,0,1314622.99,-4552369.03746
489,7367424.14512,0,1338622.99,-4552369.03746
490,12044310.34521,0,1350622.99,-4552369.03746
491,8934082.84253,0,1362622.99,-4552369.03746
492,20784609.69141,0,1374622.99,-4552369.03746
493,18605727.30078,0,1386622.99,-4552369.03746
496,20784609.69067,0,1092622.99,-4555833.13907
497,41569219.38232,0,1104622.99,-4555833.13907
498,20784609.69067,0,1116622.99,-4555833.13907
499,20784609.69067,0,1128622.99,-4555833.13907
500,20784609.69092,0,1140622.99,-4555833.13907
501,20784609.69067,0,1152622.99,-4555833.13907
502,41569219.38184,0,1164622.99,-4555833.13907
503,20784609.69067,0,1176622.99,-4555833.13907
504,20066025.01367,0,1188622.99,-4555833.13907
505,1054361.54574,0,1200622.99,-4555833.13907
512,7567980.5166,0,1284622.99,-4555833.13907
513,2029.20752,0,1296622.99,-4555833.13907
514,7471524.29199,0,1308622.99,-4555833.13907
516,19362270.271,0,1332622.99,-4555833.13907
517,41569219.38232,0,1344622.99,-4555833.13907
518,14598835.7478,0,1356622.99,-4555833.13907
519,20784609.69092,0,1368622.99,-4555833.13907
520,20784609.69092,0,1380622.99,-4555833.13907
521,3905619.6355,0,1392622.99,-4555833.13907
523,7231868.07507,0,1086622.99,-4559297.24069
524,10392304.84546,0,1098622.99,-4559297.24069
525,20784609.69092,2,1110622.99,-4559297.24069
526,20784609.69092,0,1122622.99,-4559297.24069
527,20784609.69067,0,1134622.99,-4559297.24069
528,10392304.84558,0,1146622.99,-4559297.24069
529,10392304.84558,2,1158622.99,-4559297.24069
530,10392304.84521,0,1170622.99,-4559297.24069
531,10392304.84546,0,1182622.99,-4559297.24069
532,20671092.19604,0,1194622.99,-4559297.24069
533,1487165.80176,0,1206622.99,-4559297.24069
538,86217.11377,0,1266622.99,-4559297.24069
539,3560677.68441,0,1278622.99,-4559297.24069
540,6358966.41235,0,1290622.99,-4559297.24069
541,5004594.45508,0,1302622.99,-4559297.24069
542,15263785.68359,0,1314622.99,-4559297.24069
543,2577660.00651,0,1326622.99,-4559297.24069
544,13856406.46045,0,1338622.99,-4559297.24069
545,10392304.84534,0,1350622.99,-4559297.24069
546,10392304.84546,0,1362622.99,-4559297.24069
547,20784609.69043,0,1374622.99,-4559297.24069
548,10392304.84558,0,1386622.99,-4559297.24069
551,13856406.46045,0,1092622.99,-4562761.3423
552,20784609.69043,0,1104622.99,-4562761.3423
553,41569219.38086,0,1116622.99,-4562761.3423
554,10392304.84534,0,1128622.99,-4562761.3423
555,10392304.84521,0,1140622.99,-4562761.3423
556,13856406.46029,0,1152622.99,-4562761.3423
557,20784609.69043,0,1164622.99,-4562761.3423
558,13856406.46012,0,1176622.99,-4562761.3423
559,10392304.84534,0,1188622.99,-4562761.3423
560,8028516.35088,0,1200622.99,-4562761.3423
561,683467.95898,0,1212622.99,-4562761.3423
565,4582234.00366,0,1260622.99,-4562761.3423
566,11523926.43376,0,1272622.99,-4562761.3423
567,20784609.69116,0,1284622.99,-4562761.3423
568,11388360.24935,0,1296622.99,-4562761.3423
569,10392304.84558,0,1308622.99,-4562761.3423
570,9869048.84351,0,1320622.99,-4562761.3423
571,20784609.69092,0,1332622.99,-4562761.3423
572,20784609.69116,0,1344622.99,-4562761.3423
573,13856406.46061,0,1356622.99,-4562761.3423
574,10392304.84558,0,1368622.99,-4562761.3423
575,10392304.84546,0,1380622.99,-4562761.3423
576,10948673.67399,2,1392622.99,-4562761.3423
578,11463310.23096,0,1086622.99,-4566225.44392
579,20784609.69067,0,1098622.99,-4566225.44392
580,41569219.38184,0,1110622.99,-4566225.44392
581,41569219.38135,0,1122622.99,-4566225.44392
582,41569219.38184,0,1134622.99,-4566225.44392
583,20784609.69067,0,1146622.99,-4566225.44392
584,20784609.69092,0,1158622.99,-4566225.44392
585,20784609.69092,0,1170622.99,-4566225.44392
586,20784609.69092,0,1182622.99,-4566225.44392
587,41569219.38184,0,1194622.99,-4566225.44392
588,19933695.02905,0,1206622.99,-4566225.44392
589,3736758.66431,0,1218622.99,-4566225.44392
591,5098363.93213,0,1242622.99,-4566225.44392
592,19424806.51563,0,1254622.99,-4566225.44392
593,8109575.67171,0,1266622.99,-4566225.44392
594,20784609.69092,0,1278622.99,-4566225.44392
595,20784609.69092,0,1290622.99,-4566225.44392
596,20784609.69067,0,1302622.99,-4566225.44392
597,41569219.38184,0,1314622.99,-4566225.44392
598,20784609.69116,0,1326622.99,-4566225.44392
599,20784609.69092,0,1338622.99,-4566225.44392
600,20784609.69092,0,1350622.99,-4566225.44392
601,20784609.69116,0,1362622.99,-4566225.44392
602,41569219.38184,0,1374622.99,-4566225.44392
603,20784609.69116,0,1386622.99,-4566225.44392
604,5390303.7832,0,1398622.99,-4566225.44392
606,10392304.84546,0,1092622.99,-4569689.54553
607,41569219.38232,0,1104622.99,-4569689.54553
608,20784609.69141,0,1116622.99,-4569689.54553
609,10392304.84546,0,1128622.99,-4569689.54553
610,10392304.84558,0,1140622.99,-4569689.54553
611,13856406.46045,2,1152622.99,-4569689.54553
612,20784609.69116,0,1164622.99,-4569689.54553
613,10392304.84546,0,1176622.99,-4569689.54553
614,10392304.84546,0,1188622.99,-4569689.54553
615,10392304.84546,0,1200622.99,-4569689.54553
616,9712158.72839,0,1212622.99,-4569689.54553
617,12246642.88135,0,1224622.99,-4569689.54553
618,3777555.08899,0,1236622.99,-4569689.54553
619,4577192.28394,0,1248622.99,-4569689.54553
620,10392304.84534,0,1260622.99,-4569689.54553
621,10392304.84534,0,1272622.99,-4569689.54553
622,20784609.69067,0,1284622.99,-4569689.54553
623,10392304.84546,0,1296622.99,-4569689.54553
624,10392304.84534,0,1308622.99,-4569689.54553
625,10392304.84534,0,1320622.99,-4569689.54553
626,10392304.84521,0,1332622.99,-4569689.54553
627,20784609.69092,0,1344622.99,-4569689.54553
628,10392304.84521,0,1356622.99,-4569689.54553
629,10392304.84546,0,1368622.99,-4569689.54553
630,10392304.84558,0,1380622.99,-4569689.54553
631,10392304.8457,2,1392622.99,-4569689.54553
633,2119817.37663,0,1086622.99,-4573153.64715
634,13856406.46077,0,1098622.99,-4573153.64715
635,41569219.38135,0,1110622.99,-4573153.64715
636,20784609.69092,0,1122622.99,-4573153.64715
637,20784609.69067,0,1134622.99,-4573153.64715
638,20784609.69067,2,1146622.99,-4573153.64715
639,10392304.84534,0,1158622.99,-4573153.64715
640,10392304.84534,0,1170622.99,-4573153.64715
641,13856406.46094,0,1182622.99,-4573153.64715
642,20784609.69067,0,1194622.99,-4573153.64715
643,13856406.46012,0,1206622.99,-4573153.64715
644,10392304.84521,0,1218622.99,-4573153.64715
645,17599830.4585,0,1230622.99,-4573153.64715
646,13219932.507,0,1242622.99,-4573153.64715
647,20784609.69067,0,1254622.99,-4573153.64715
648,8218244.84707,0,1266622.99,-4573153.64715
649,10392304.84546,0,1278622.99,-4573153.64715
650,10392304.84534,0,1290622.99,-4573153.64715
651,13856406.46094,0,1302622.99,-4573153.64715
652,20784609.69067,0,1314622.99,-4573153.64715
653,13856406.46045,0,1326622.99,-4573153.64715
654,10392304.84546,0,1338622.99,-4573153.64715
655,10392304.84521,0,1350622.99,-4573153.64715
656,13856406.46061,0,1362622.99,-4573153.64715
657,20784609.69092,0,1374622.99,-4573153.64715
658,13856406.46029,0,1386622.99,-4573153.64715
659,5950955.72681,0,1398622.99,-4573153.64715
661,11056836.71126,0,1092622.99,-4576617.74876
662,41569219.38184,0,1104622.99,-4576617.74876
663,13856406.46045,0,1116622.99,-4576617.74876
664,10392304.84534,0,1128622.99,-4576617.74876
665,20784609.69092,0,1140622.99,-4576617.74876
666,20784609.69092,0,1152622.99,-4576617.74876
667,20784609.69116,0,1164622.99,-4576617.74876
668,13856406.46045,0,1176622.99,-4576617.74876
669,10392304.84534,0,1188622.99,-4576617.74876
670,10392304.84546,0,1200622.99,-4576617.74876
671,13856406.46061,0,1212622.99,-4576617.74876
672,20784609.69116,0,1224622.99,-4576617.74876
673,13856406.46077,0,1236622.99,-4576617.74876
674,10392304.84546,0,1248622.99,-4576617.74876
675,10392304.84534,0,1260622.99,-4576617.74876
676,13856406.46045,0,1272622.99,-4576617.74876
677,20784609.69067,0,1284622.99,-4576617.74876
678,13856406.46029,0,1296622.99,-4576617.74876
679,10392304.84546,0,1308622.99,-4576617.74876
680,10392304.84521,0,1320622.99,-4576617.74876
681,13856406.46029,0,1332622.99,-4576617.74876
682,20784609.69092,0,1344622.99,-4576617.74876
683,13856406.46061,0,1356622.99,-4576617.74876
684,10392304.84546,0,1368622.99,-4576617.74876
685,10392304.84546,0,1380622.99,-4576617.74876
686,12042324.59424,0,1392622.99,-4576617.74876
688,666218.47803,0,1086622.99,-4580081.85038
689,13856406.46061,0,1098622.99,-4580081.85038
690,20784609.69116,0,1110622.99,-4580081.85038
691,10392304.84558,0,1122622.99,-4580081.85038
692,20784609.69092,0,1134622.99,-4580081.85038
693,20784609.69116,2,1146622.99,-4580081.85038
694,10392304.84546,0,1158622.99,-4580081.85038
695,10392304.84558,0,1170622.99,-4580081.85038
696,10392304.84558,0,1182622.99,-4580081.85038
697,20784609.69092,0,1194622.99,-4580081.85038
698,10392304.8457,0,1206622.99,-4580081.85038
699,10392304.84534,0,1218622.99,-4580081.85038
700,10392304.84558,0,1230622.99,-4580081.85038
701,10392304.84558,0,1242622.99,-4580081.85038
702,20784609.69092,0,1254622.99,-4580081.85038
703,10392304.8457,0,1266622.99,-4580081.85038
704,10392304.84546,0,1278622.99,-4580081.85038
705,10392304.84534,0,1290622.99,-4580081.85038
706,10392304.8457,0,1302622.99,-4580081.85038
707,20784609.69043,0,1314622.99,-4580081.85038
708,10392304.84558,0,1326622.99,-4580081.85038
709,10392304.84534,0,1338622.99,-4580081.85038
710,10392304.84534,0,1350622.99,-4580081.85038
711,10392304.84558,0,1362622.99,-4580081.85038
712,20784609.69092,0,1374622.99,-4580081.85038
713,10392304.84534,0,1386622.99,-4580081.85038
716,18297852.92798,0,1092622.99,-4583545.95199
717,41569219.38184,0,1104622.99,-4583545.95199
718,20784609.69067,0,1116622.99,-4583545.95199
719,20784609.69092,0,1128622.99,-4583545.95199
720,41569219.38184,0,1140622.99,-4583545.95199
721,20784609.69092,0,1152622.99,-4583545.95199
722,41569219.38184,0,1164622.99,-4583545.95199
723,20784609.69067,0,1176622.99,-4583545.95199
724,20784609.69092,0,1188622.99,-4583545.95199
725,20784609.69092,0,1200622.99,-4583545.95199
726,20784609.69067,0,1212622.99,-4583545.95199
727,41569219.38184,0,1224622.99,-4583545.95199
728,20784609.69092,0,1236622.99,-4583545.95199
729,20784609.69092,0,1248622.99,-4583545.95199
730,20784609.69092,0,1260622.99,-4583545.95199
731,20784609.69067,0,1272622.99,-4583545.95199
732,41569219.38184,0,1284622.99,-4583545.95199
733,20784609.69067,0,1296622.99,-4583545.95199
734,20784609.69092,0,1308622.99,-4583545.95199
735,20784609.69067,0,1320622.99,-4583545.95199
736,20784609.69067,0,1332622.99,-4583545.95199
737,41569219.38184,0,1344622.99,-4583545.95199
738,20784609.69092,0,1356622.99,-4583545.95199
739,20784609.69067,0,1368622.99,-4583545.95199
740,20784609.69092,0,1380622.99,-4583545.95199
741,9617816.66089,0,1392622.99,-4583545.95199
743,39060.73486,0,1086622.99,-4587010.05361
744,13856406.46077,0,1098622.99,-4587010.05361
745,13856406.46061,0,1110622.99,-4587010.05361
746,13856406.46012,0,1122622.99,-4587010.05361
747,20784609.69067,0,1134622.99,-4587010.05361
748,20784609.69092,0,1146622.99,-4587010.05361
749,10392304.84521,0,1158622.99,-4587010.05361
750,10392304.84534,0,1170622.99,-4587010.05361
751,13856406.46045,0,1182622.99,-4587010.05361
752,20784609.69043,0,1194622.99,-4587010.05361
753,13856406.46045,0,1206622.99,-4587010.05361
754,10392304.84534,0,1218622.99,-4587010.05361
755,10392304.84534,0,1230622.99,-4587010.05361
756,13856406.46061,0,1242622.99,-4587010.05361
757,20784609.69043,0,1254622.99,-4587010.05361
758,13856406.46061,0,1266622.99,-4587010.05361
759,10392304.84534,0,1278622.99,-4587010.05361
760,10392304.84521,0,1290622.99,-4587010.05361
761,13856406.46045,0,1302622.99,-4587010.05361
762,20784609.69067,0,1314622.99,-4587010.05361
763,13856406.46029,0,1326622.99,-4587010.05361
764,10392304.84534,0,1338622.99,-4587010.05361
765,10392304.84521,0,1350622.99,-4587010.05361
766,13856406.46077,2,1362622.99,-4587010.05361
767,20784609.69067,0,1374622.99,-4587010.05361
768,13856406.46045,0,1386622.99,-4587010.05361
771,10377790.61035,0,1092622.99,-4590474.15522
772,41569219.38135,0,1104622.99,-4590474.15522
773,10392304.84583,0,1116622.99,-4590474.15522
774,10392304.84521,0,1128622.99,-4590474.15522
775,20784609.69067,0,1140622.99,-4590474.15522
776,13856406.46077,0,1152622.99,-4590474.15522
777,20784609.69043,0,1164622.99,-4590474.15522
778,10392304.84534,0,1176622.99,-4590474.15522
779,10392304.84558,0,1188622.99,-4590474.15522
780,10392304.84546,0,1200622.99,-4590474.15522
781,10392304.84546,0,1212622.99,-4590474.15522
782,20784609.69092,0,1224622.99,-4590474.15522
783,10392304.84509,0,1236622.99,-4590474.15522
784,10392304.84546,0,1248622.99,-4590474.15522
785,10392304.84546,0,1260622.99,-4590474.15522
786,10392304.84558,0,1272622.99,-4590474.15522
787,20784609.69092,0,1284622.99,-4590474.15522
788,10392304.84509,0,1296622.99,-4590474.15522
789,10392304.84546,0,1308622.99,-4590474.15522
790,10392304.8457,0,1320622.99,-4590474.15522
791,10392304.84546,0,1332622.99,-4590474.15522
792,20784609.69043,0,1344622.99,-4590474.15522
793,10392304.84534,0,1356622.99,-4590474.15522
794,10392304.84534,2,1368622.99,-4590474.15522
795,10392304.84546,0,1380622.99,-4590474.15522
796,2226475.28115,0,1392622.99,-4590474.15522
799,20784609.69092,0,1098622.99,-4593938.25684
800,20784609.69067,0,1110622.99,-4593938.25684
801,20784609.69067,0,1122622.99,-4593938.25684
802,41569219.38184,0,1134622.99,-4593938.25684
803,20784609.69092,0,1146622.99,-4593938.25684
804,20784609.69067,0,1158622.99,-4593938.25684
805,20784609.69067,0,1170622.99,-4593938.25684
806,20784609.69067,0,1182622.99,-4593938.25684
807,41569219.38184,0,1194622.99,-4593938.25684
808,20784609.69067,0,1206622.99,-4593938.25684
809,20784609.69092,0,1218622.99,-4593938.25684
810,20784609.69092,0,1230622.99,-4593938.25684
811,20784609.69092,0,1242622.99,-4593938.25684
812,41569219.38135,0,1254622.99,-4593938.25684
813,20784609.69067,0,1266622.99,-4593938.25684
814,20784609.69092,0,1278622.99,-4593938.25684
815,20784609.69067,0,1290622.99,-4593938.25684
816,20784609.69067,0,1302622.99,-4593938.25684
817,41569219.38184,0,1314622.99,-4593938.25684
818,20784609.69116,2,1326622.99,-4593938.25684
819,20784609.69067,0,1338622.99,-4593938.25684
820,20784609.69067,0,1350622.99,-4593938.25684
821,20784609.69067,0,1362622.99,-4593938.25684
822,41569219.38184,0,1374622.99,-4593938.25684
823,20784609.69067,0,1386622.99,-4593938.25684
826,1335126.04541,0,1092622.99,-4597402.35845
827,20784609.69116,0,1104622.99,-4597402.35845
828,13856406.46061,0,1116622.99,-4597402.35845
829,13856406.46061,0,1128622.99,-4597402.35845
830,20784609.69067,0,1140622.99,-4597402.35845
831,20784609.69092,0,1152622.99,-4597402.35845
832,20784609.69116,0,1164622.99,-4597402.35845
833,13856406.46045,0,1176622.99,-4597402.35845
834,10392304.84546,0,1188622.99,-4597402.35845
835,10392304.84546,0,1200622.99,-4597402.35845
836,13856406.46077,0,1212622.99,-4597402.35845
837,20784609.69067,0,1224622.99,-4597402.35845
838,13856406.46029,0,1236622.99,-4597402.35845
839,10392304.84546,0,1248622.99,-4597402.35845
840,10392304.84534,0,1260622.99,-4597402.35845
841,13856406.46061,0,1272622.99,-4597402.35845
842,20784609.69067,0,1284622.99,-4597402.35845
843,13856406.46061,0,1296622.99,-4597402.35845
844,10392304.84546,0,1308622.99,-4597402.35845
845,10392304.84534,0,1320622.99,-4597402.35845
846,13856406.46012,2,1332622.99,-4597402.35845
847,20784609.69067,0,1344622.99,-4597402.35845
848,13856406.46061,0,1356622.99,-4597402.35845
849,13856406.46029,0,1368622.99,-4597402.35845
850,10392304.8457,0,1380622.99,-4597402.35845
851,4244393.36719,0,1392622.99,-4597402.35845
854,7207156.43518,0,1098622.99,-4600866.46007
855,10392304.84546,0,1110622.99,-4600866.46007
856,10392304.84509,0,1122622.99,-4600866.46007
857,20784609.69067,0,1134622.99,-4600866.46007
858,20784609.69019,0,1146622.99,-4600866.46007
859,10392304.84534,0,1158622.99,-4600866.46007
860,10392304.84534,0,1170622.99,-4600866.46007
861,10392304.84558,0,1182622.99,-4600866.46007
862,20784609.69043,0,1194622.99,-4600866.46007
863,10392304.84558,0,1206622.99,-4600866.46007
864,10392304.84534,0,1218622.99,-4600866.46007
865,10392304.84558,0,1230622.99,-4600866.46007
866,10392304.8457,0,1242622.99,-4600866.46007
867,20784609.69092,2,1254622.99,-4600866.46007
868,10392304.8457,0,1266622.99,-4600866.46007
869,10392304.84558,0,1278622.99,-4600866.46007
870,10392304.84534,0,1290622.99,-4600866.46007
871,10392304.84521,0,1302622.99,-4600866.46007
872,20784609.69092,0,1314622.99,-4600866.46007
873,10392304.84534,0,1326622.99,-4600866.46007
874,10392304.84534,0,1338622.99,-4600866.46007
875,10392304.84509,2,1350622.99,-4600866.46007
876,13856406.46061,0,1362622.99,-4600866.46007
877,20784609.69092,0,1374622.99,-4600866.46007
878,10392304.84534,2,1386622.99,-4600866.46007
879,1311367.44141,0,1398622.99,-4600866.46007
882,41569219.38184,0,1104622.99,-4604330.56168
883,20784609.69141,0,1116622.99,-4604330.56168
884,41569219.38184,0,1128622.99,-4604330.56168
885,41569219.38135,0,1140622.99,-4604330.56168
886,41569219.38232,0,1152622.99,-4604330.56168
887,41569219.38232,0,1164622.99,-4604330.56168
888,20784609.69092,0,1176622.99,-4604330.56168
889,20784609.69116,0,1188622.99,-4604330.56168
890,20784609.69116,0,1200622.99,-4604330.56168
891,20784609.69092,0,1212622.99,-4604330.56168
892,41569219.38184,0,1224622.99,-4604330.56168
893,20784609.69067,0,1236622.99,-4604330.56168
894,20784609.69067,0,1248622.99,-4604330.56168
895,20784609.69067,0,1260622.99,-4604330.56168
896,20784609.69092,0,1272622.99,-4604330.56168
897,41569219.38086,0,1284622.99,-4604330.56168
898,20784609.69116,0,1296622.99,-4604330.56168
899,20784609.69067,0,1308622.99,-4604330.56168
900,20784609.69067,0,1320622.99,-4604330.56168
901,20784609.69067,0,1332622.99,-4604330.56168
902,41569219.38135,0,1344622.99,-4604330.56168
903,20784609.69092,2,1356622.99,-4604330.56168
904,20784609.69092,0,1368622.99,-4604330.56168
905,20784609.69092,0,1380622.99,-4604330.56168
906,9915465.61719,0,1392622.99,-4604330.56168
909,4310770.25037,0,1098622.99,-4607794.6633
910,10392304.84558,0,1110622.99,-4607794.6633
911,13856406.46029,0,1122622.99,-4607794.6633
912,20784609.69092,0,1134622.99,-4607794.6633
913,20784609.69067,0,1146622.99,-4607794.6633
914,13856406.46077,0,1158622.99,-4607794.6633
915,13856406.46029,0,1170622.99,-4607794.6633
916,10392304.8457,0,1182622.99,-4607794.6633
917,20784609.69067,0,1194622.99,-4607794.6633
918,13856406.46094,0,1206622.99,-4607794.6633
919,10392304.84534,0,1218622.99,-4607794.6633
920,10392304.84558,0,1230622.99,-4607794.6633
921,10392304.84558,0,1242622.99,-4607794.6633
922,20784609.69092,0,1254622.99,-4607794.6633
923,13856406.46029,0,1266622.99,-4607794.6633
924,10392304.84558,0,1278622.99,-4607794.6633
925,10392304.84521,0,1290622.99,-4607794.6633
926,10392304.84558,0,1302622.99,-4607794.6633
927,20784609.69067,0,1314622.99,-4607794.6633
928,13856406.46061,0,1326622.99,-4607794.6633
929,10392304.84534,0,1338622.99,-4607794.6633
930,10392304.84558,0,1350622.99,-4607794.6633
931,10392304.84534,0,1362622.99,-4607794.6633
932,20784609.69092,0,1374622.99,-4607794.6633
933,13856406.46045,0,1386622.99,-4607794.6633
937,20784609.69165,0,1104622.99,-4611258.76491
938,20784609.69092,0,1116622.99,-4611258.76491
939,20784609.69116,0,1128622.99,-4611258.76491
940,20784609.69092,0,1140622.99,-4611258.76491
941,20784609.69067,0,1152622.99,-4611258.76491
942,20784609.69043,0,1164622.99,-4611258.76491
943,13856406.46061,0,1176622.99,-4611258.76491
944,10392304.84534,0,1188622.99,-4611258.76491
945,10392304.84546,0,1200622.99,-4611258.76491
946,10392304.84546,0,1212622.99,-4611258.76491
947,20784609.69141,0,1224622.99,-4611258.76491
948,13856406.46045,0,1236622.99,-4611258.76491
949,10392304.84546,0,1248622.99,-4611258.76491
950,10392304.84534,0,1260622.99,-4611258.76491
951,10392304.84534,0,1272622.99,-4611258.76491
952,20784609.69067,0,1284622.99,-4611258.76491
953,13856406.46061,0,1296622.99,-4611258.76491
954,10392304.84546,0,1308622.99,-4611258.76491
955,10392304.84558,0,1320622.99,-4611258.76491
956,10392304.84546,0,1332622.99,-4611258.76491
957,20784609.69116,0,1344622.99,-4611258.76491
958,13856406.46061,0,1356622.99,-4611258.76491
959,10392304.84534,0,1368622.99,-4611258.76491
960,10392304.84546,0,1380622.99,-4611258.76491
961,2735658.3396,0,1392622.99,-4611258.76491
964,6134755.37549,0,1098622.99,-4614722.86653
965,20784609.69067,0,1110622.99,-4614722.86653
966,41569219.38184,0,1122622.99,-4614722.86653
967,41569219.38184,0,1134622.99,-4614722.86653
968,20784609.69141,0,1146622.99,-4614722.86653
969,20784609.69092,0,1158622.99,-4614722.86653
970,41569219.38232,0,1170622.99,-4614722.86653
971,20784609.69067,2,1182622.99,-4614722.86653
972,41569219.38135,0,1194622.99,-4614722.86653
973,20784609.69019,0,1206622.99,-4614722.86653
974,20784609.69067,0,1218622.99,-4614722.86653
975,20784609.69067,0,1230622.99,-4614722.86653
976,20784609.69092,0,1242622.99,-4614722.86653
977,41569219.38184,0,1254622.99,-4614722.86653
978,20784609.69116,0,1266622.99,-4614722.86653
979,20784609.69092,0,1278622.99,-4614722.86653
980,20784609.69092,0,1290622.99,-4614722.86653
981,20784609.69067,0,1302622.99,-4614722.86653
982,41569219.38135,0,1314622.99,-4614722.86653
983,20784609.69067,0,1326622.99,-4614722.86653
984,20784609.69067,0,1338622.99,-4614722.86653
985,20784609.69092,0,1350622.99,-4614722.86653
986,20784609.69092,0,1362622.99,-4614722.86653
987,41569219.38232,0,1374622.99,-4614722.86653
988,36991999.00293,0,1386622.99,-4614722.86653
992,14523753.66699,0,1104622.99,-4618186.96814
993,20784609.69067,0,1116622.99,-4618186.96814
994,20784609.69092,0,1128622.99,-4618186.96814
995,13856406.46045,0,1140622.99,-4618186.96814
996,10392304.84521,0,1152622.99,-4618186.96814
997,41569219.38184,0,1164622.99,-4618186.96814
998,13856406.46045,2,1176622.99,-4618186.96814
999,10392304.84546,2,1188622.99,-4618186.96814
1000,10392304.84558,0,1200622.99,-4618186.96814
1001,10392304.84546,0,1212622.99,-4618186.96814
1002,20784609.69092,0,1224622.99,-4618186.96814
1003,13856406.46077,0,1236622.99,-4618186.96814
1004,10392304.84534,0,1248622.99,-4618186.96814
1005,10392304.84534,0,1260622.99,-4618186.96814
1006,10392304.84521,0,1272622.99,-4618186.96814
1007,20784609.69092,0,1284622.99,-4618186.96814
1008,13856406.46045,0,1296622.99,-4618186.96814
1009,10392304.84534,0,1308622.99,-4618186.96814
1010,10392304.84534,0,1320622.99,-4618186.96814
1011,10392304.84534,0,1332622.99,-4618186.96814
1012,20784609.69141,0,1344622.99,-4618186.96814
1013,13856406.46061,0,1356622.99,-4618186.96814
1014,10392304.84534,0,1368622.99,-4618186.96814
1015,10392304.84534,0,1380622.99,-4618186.96814
1020,10392304.84558,0,1110622.99,-4621651.06976
1021,13856406.46045,0,1122622.99,-4621651.06976
1022,20784609.69092,0,1134622.99,-4621651.06976
1023,13856406.46061,0,1146622.99,-4621651.06976
1024,13856406.46045,0,1158622.99,-4621651.06976
1025,20784609.69092,0,1170622.99,-4621651.06976
1026,10392304.84534,2,1182622.99,-4621651.06976
1027,20784609.69067,2,1194622.99,-4621651.06976
1028,13856406.46094,0,1206622.99,-4621651.06976
1029,10392304.84534,0,1218622.99,-4621651.06976
1030,10392304.84558,0,1230622.99,-4621651.06976
1031,10392304.84534,0,1242622.99,-4621651.06976
1032,20784609.69092,0,1254622.99,-4621651.06976
1033,13856406.46029,0,1266622.99,-4621651.06976
1034,10392304.84546,0,1278622.99,-4621651.06976
1035,10392304.84534,0,1290622.99,-4621651.06976
1036,10392304.84534,0,1302622.99,-4621651.06976
1037,20784609.69092,0,1314622.99,-4621651.06976
1038,13856406.46045,0,1326622.99,-4621651.06976
1039,10392304.84534,0,1338622.99,-4621651.06976
1040,10392304.84534,0,1350622.99,-4621651.06976
1041,10392304.84534,0,1362622.99,-4621651.06976
1042,20784609.69092,0,1374622.99,-4621651.06976
1043,10805405.80884,0,1386622.99,-4621651.06976
1047,7417712.14746,0,1104622.99,-4625115.17138
1048,20784609.69116,0,1116622.99,-4625115.17138
1049,41569219.38135,0,1128622.99,-4625115.17138
1050,20784609.69092,0,1140622.99,-4625115.17138
1051,20784609.69067,0,1152622.99,-4625115.17138
1052,41569219.38184,0,1164622.99,-4625115.17138
1053,20784609.69092,0,1176622.99,-4625115.17138
1054,20784609.69092,2,1188622.99,-4625115.17138
1055,20784609.69092,2,1200622.99,-4625115.17138
1056,20784609.69092,0,1212622.99,-4625115.17138
1057,41569219.38135,0,1224622.99,-4625115.17138
1058,20784609.69116,0,1236622.99,-4625115.17138
1059,20784609.69067,0,1248622.99,-4625115.17138
1060,20784609.69092,0,1260622.99,-4625115.17138
1061,20784609.69116,0,1272622.99,-4625115.17138
1062,41569219.38184,0,1284622.99,-4625115.17138
1063,20784609.69092,0,1296622.99,-4625115.17138
1064,20784609.69067,0,1308622.99,-4625115.17138
1065,20784609.69092,0,1320622.99,-4625115.17138
1066,20784609.69067,2,1332622.99,-4625115.17138
1067,41569219.38184,0,1344622.99,-4625115.17138
1068,20784609.69116,0,1356622.99,-4625115.17138
1069,20784609.69092,0,1368622.99,-4625115.17138
1070,20784609.69067,0,1380622.99,-4625115.17138
1075,7817231.76404,0,1110622.99,-4628579.27299
1076,13856406.46061,0,1122622.99,-4628579.27299
1077,20784609.69116,0,1134622.99,-4628579.27299
1078,13856406.46029,0,1146622.99,-4628579.27299
1079,10392304.84534,0,1158622.99,-4628579.27299
1080,20784609.69067,0,1170622.99,-4628579.27299
1081,13856406.46029,2,1182622.99,-4628579.27299
1082,41569219.38184,2,1194622.99,-4628579.27299
1083,13856406.46045,0,1206622.99,-4628579.27299
1084,10392304.8457,0,1218622.99,-4628579.27299
1085,13856406.46029,0,1230622.99,-4628579.27299
1086,10392304.84546,0,1242622.99,-4628579.27299
1087,20784609.69067,0,1254622.99,-4628579.27299
1088,13856406.46029,0,1266622.99,-4628579.27299
1089,10392304.84546,0,1278622.99,-4628579.27299
1090,10392304.84546,0,1290622.99,-4628579.27299
1091,10392304.84546,0,1302622.99,-4628579.27299
1092,20784609.69092,0,1314622.99,-4628579.27299
1093,13856406.46045,0,1326622.99,-4628579.27299
1094,10392304.84534,2,1338622.99,-4628579.27299
1095,10392304.84534,0,1350622.99,-4628579.27299
1096,10392304.84546,0,1362622.99,-4628579.27299
1097,20784609.69043,0,1374622.99,-4628579.27299
1098,10638154.32397,0,1386622.99,-4628579.27299
1103,13856406.46045,0,1116622.99,-4632043.37461
1104,20784609.69092,0,1128622.99,-4632043.37461
1105,10392304.84509,0,1140622.99,-4632043.37461
1106,10392304.84534,0,1152622.99,-4632043.37461
1107,20784609.69067,0,1164622.99,-4632043.37461
1108,20784609.69092,2,1176622.99,-4632043.37461
1109,13856406.46077,2,1188622.99,-4632043.37461
1110,20784609.69092,2,1200622.99,-4632043.37461
1111,13856406.46029,0,1212622.99,-4632043.37461
1112,20784609.69067,0,1224622.99,-4632043.37461
1113,13856406.46045,0,1236622.99,-4632043.37461
1114,10392304.84521,0,1248622.99,-4632043.37461
1115,10392304.84558,0,1260622.99,-4632043.37461
1116,10392304.84558,0,1272622.99,-4632043.37461
1117,20784609.69067,0,1284622.99,-4632043.37461
1118,13856406.46077,0,1296622.99,-4632043.37461
1119,10392304.84534,0,1308622.99,-4632043.37461
1120,10392304.84534,0,1320622.99,-4632043.37461
1121,10392304.84546,2,1332622.99,-4632043.37461
1122,20784609.69116,0,1344622.99,-4632043.37461
1123,13856406.46045,0,1356622.99,-4632043.37461
1124,10392304.84546,0,1368622.99,-4632043.37461
1125,10392304.84521,0,1380622.99,-4632043.37461
1130,0,0,1110622.99,-4635507.47622
1131,20784609.69092,0,1122622.99,-4635507.47622
1132,41569219.38184,0,1134622.99,-4635507.47622
1133,20784609.69043,0,1146622.99,-4635507.47622
1134,20784609.69092,0,1158622.99,-4635507.47622
1135,41569219.38184,0,1170622.99,-4635507.47622
1136,20784609.69043,2,1182622.99,-4635507.47622
1137,41569219.38184,2,1194622.99,-4635507.47622
1138,41569219.38184,0,1206622.99,-4635507.47622
1139,20784609.69043,2,1218622.99,-4635507.47622
1140,41569219.38184,0,1230622.99,-4635507.47622
1141,20784609.69092,0,1242622.99,-4635507.47622
1142,41569219.38086,0,1254622.99,-4635507.47622
1143,20784609.69092,0,1266622.99,-4635507.47622
1144,20784609.69092,0,1278622.99,-4635507.47622
1145,20784609.69067,0,1290622.99,-4635507.47622
1146,20784609.69067,0,1302622.99,-4635507.47622
1147,41569219.38184,0,1314622.99,-4635507.47622
1148,20784609.69092,0,1326622.99,-4635507.47622
1149,20784609.69092,0,1338622.99,-4635507.47622
1150,20784609.69092,0,1350622.99,-4635507.47622
1151,20784609.69067,0,1362622.99,-4635507.47622
1152,41569219.38184,0,1374622.99,-4635507.47622
1153,35186459.32373,0,1386622.99,-4635507.47622
1158,6279571.36621,0,1116622.99,-4638971.57784
1159,10392304.84534,0,1128622.99,-4638971.57784
1160,20784609.69092,0,1140622.99,-4638971.57784
1161,20784609.69116,0,1152622.99,-4638971.57784
1162,41569219.38232,0,1164622.99,-4638971.57784
1163,20784609.69092,2,1176622.99,-4638971.57784
1164,10392304.84521,2,1188622.99,-4638971.57784
1165,13856406.46029,0,1200622.99,-4638971.57784
1166,13856406.46029,2,1212622.99,-4638971.57784
1167,41569219.38184,0,1224622.99,-4638971.57784
1168,13856406.46077,0,1236622.99,-4638971.57784
1169,13856406.46077,0,1248622.99,-4638971.57784
1170,10392304.84558,0,1260622.99,-4638971.57784
1171,10392304.84558,0,1272622.99,-4638971.57784
1172,20784609.69067,0,1284622.99,-4638971.57784
1173,10392304.84534,0,1296622.99,-4638971.57784
1174,10392304.84546,0,1308622.99,-4638971.57784
1175,10392304.84546,0,1320622.99,-4638971.57784
1176,10392304.84534,0,1332622.99,-4638971.57784
1177,20784609.69067,0,1344622.99,-4638971.57784
1178,10392304.84534,0,1356622.99,-4638971.57784
1179,10392304.84521,0,1368622.99,-4638971.57784
1180,10392304.84534,0,1380622.99,-4638971.57784
1181,95930.10107,0,1392622.99,-4638971.57784
1186,13414530.58757,0,1122622.99,-4642435.67945
1187,20784609.69116,0,1134622.99,-4642435.67945
1188,41569219.38135,0,1146622.99,-4642435.67945
1189,20784609.69067,0,1158622.99,-4642435.67945
1190,41569219.38184,0,1170622.99,-4642435.67945
1191,20784609.69067,2,1182622.99,-4642435.67945
1192,20784609.69092,2,1194622.99,-4642435.67945
1193,13856406.46012,2,1206622.99,-4642435.67945
1194,20784609.69092,2,1218622.99,-4642435.67945
1195,20784609.69043,0,1230622.99,-4642435.67945
1196,20784609.69067,0,1242622.99,-4642435.67945
1197,20784609.69116,0,1254622.99,-4642435.67945
1198,13856406.46061,0,1266622.99,-4642435.67945
1199,10392304.84546,0,1278622.99,-4642435.67945
1200,10392304.84546,0,1290622.99,-4642435.67945
1201,13856406.46094,0,1302622.99,-4642435.67945
1202,20784609.69067,0,1314622.99,-4642435.67945
1203,13856406.46061,0,1326622.99,-4642435.67945
1204,10392304.84546,0,1338622.99,-4642435.67945
1205,10392304.84534,0,1350622.99,-4642435.67945
1206,13856406.46029,0,1362622.99,-4642435.67945
1207,20784609.69092,0,1374622.99,-4642435.67945
1208,11125266.32202,0,1386622.99,-4642435.67945
1214,20784609.69092,0,1128622.99,-4645899.78107
1215,41569219.38184,0,1140622.99,-4645899.78107
1216,41569219.38135,0,1152622.99,-4645899.78107
1217,41569219.38135,2,1164622.99,-4645899.78107
1218,41569219.38232,2,1176622.99,-4645899.78107
1219,20784609.69067,2,1188622.99,-4645899.78107
1220,20784609.69067,2,1200622.99,-4645899.78107
1221,20784609.69067,2,1212622.99,-4645899.78107
1222,41569219.38135,0,1224622.99,-4645899.78107
1223,41569219.38232,0,1236622.99,-4645899.78107
1224,41569219.38135,0,1248622.99,-4645899.78107
1225,20784609.69067,0,1260622.99,-4645899.78107
1226,20784609.69067,0,1272622.99,-4645899.78107
1227,41569219.38135,0,1284622.99,-4645899.78107
1228,20784609.69067,0,1296622.99,-4645899.78107
1229,20784609.69067,0,1308622.99,-4645899.78107
1230,20784609.69067,0,1320622.99,-4645899.78107
1231,20784609.69141,0,1332622.99,-4645899.78107
1232,41569219.38135,0,1344622.99,-4645899.78107
1233,20784609.69092,0,1356622.99,-4645899.78107
1234,20784609.69067,0,1368622.99,-4645899.78107
1235,20784609.69067,2,1380622.99,-4645899.78107
1241,12875812.26685,0,1122622.99,-4649363.88268
1242,41569219.38184,0,1134622.99,-4649363.88268
1243,41569219.38232,0,1146622.99,-4649363.88268
1244,41569219.38184,0,1158622.99,-4649363.88268
1245,41569219.38135,2,1170622.99,-4649363.88268
1246,20784609.69067,2,1182622.99,-4649363.88268
1247,20784609.69092,2,1194622.99,-4649363.88268
1248,20784609.69116,2,1206622.99,-4649363.88268
1249,20784609.69092,0,1218622.99,-4649363.88268
1250,20784609.69092,0,1230622.99,-4649363.88268
1251,41569219.38086,0,1242622.99,-4649363.88268
1252,41569219.38184,0,1254622.99,-4649363.88268
1253,10392304.84521,0,1266622.99,-4649363.88268
1254,10392304.84534,0,1278622.99,-4649363.88268
1255,10392304.84558,0,1290622.99,-4649363.88268
1256,10392304.84509,0,1302622.99,-4649363.88268
1257,20784609.69092,0,1314622.99,-4649363.88268
1258,10392304.84521,0,1326622.99,-4649363.88268
1259,10392304.84546,0,1338622.99,-4649363.88268
1260,10392304.84546,0,1350622.99,-4649363.88268
1261,10392304.84534,0,1362622.99,-4649363.88268
1262,20784609.69092,2,1374622.99,-4649363.88268
1263,4485905.07007,0,1386622.99,-4649363.88268
1269,13856406.46045,0,1128622.99,-4652827.9843
1270,41569219.38184,0,1140622.99,-4652827.9843
1271,41569219.38184,0,1152622.99,-4652827.9843
1272,41569219.38184,2,1164622.99,-4652827.9843
1273,20784609.69043,2,1176622.99,-4652827.9843
1274,10392304.84546,2,1188622.99,-4652827.9843
1275,13856406.46077,2,1200622.99,-4652827.9843
1276,41569219.38086,0,1212622.99,-4652827.9843
1277,20784609.69092,0,1224622.99,-4652827.9843
1278,41569219.38184,0,1236622.99,-4652827.9843
1279,41569219.38184,0,1248622.99,-4652827.9843
1280,20784609.69116,0,1260622.99,-4652827.9843
1281,13856406.46045,0,1272622.99,-4652827.9843
1282,20784609.69092,0,1284622.99,-4652827.9843
1283,13856406.46077,0,1296622.99,-4652827.9843
1284,10392304.84521,0,1308622.99,-4652827.9843
1285,10392304.84558,0,1320622.99,-4652827.9843
1286,13856406.46061,0,1332622.99,-4652827.9843
1287,20784609.69067,0,1344622.99,-4652827.9843
1288,13856406.46077,0,1356622.99,-4652827.9843
1289,10392304.84534,0,1368622.99,-4652827.9843
1290,10297938.64771,2,1380622.99,-4652827.9843
1296,12250639.78809,0,1122622.99,-4656292.08591
1297,41569219.38135,0,1134622.99,-4656292.08591
1298,41569219.38135,0,1146622.99,-4656292.08591
1299,41569219.38135,0,1158622.99,-4656292.08591
1300,41569219.38184,2,1170622.99,-4656292.08591
1301,20784609.69092,2,1182622.99,-4656292.08591
1302,41569219.38232,2,1194622.99,-4656292.08591
1303,41569219.38135,2,1206622.99,-4656292.08591
1304,20784609.69067,0,1218622.99,-4656292.08591
1305,41569219.38086,0,1230622.99,-4656292.08591
1306,41569219.38184,0,1242622.99,-4656292.08591
1307,41569219.38232,0,1254622.99,-4656292.08591
1308,20784609.69092,0,1266622.99,-4656292.08591
1309,20784609.69067,0,1278622.99,-4656292.08591
1310,20784609.69043,0,1290622.99,-4656292.08591
1311,20784609.69067,0,1302622.99,-4656292.08591
1312,41569219.38232,0,1314622.99,-4656292.08591
1313,20784609.69116,0,1326622.99,-4656292.08591
1314,20784609.69067,0,1338622.99,-4656292.08591
1315,20784609.69067,0,1350622.99,-4656292.08591
1316,20784609.69067,0,1362622.99,-4656292.08591
1317,41569219.38184,2,1374622.99,-4656292.08591
1318,283228.49414,0,1386622.99,-4656292.08591
1324,10392304.84546,0,1128622.99,-4659756.18753
1325,13856406.46077,0,1140622.99,-4659756.18753
1326,13856406.46045,0,1152622.99,-4659756.18753
1327,41569219.38184,0,1164622.99,-4659756.18753
1328,20784609.69092,2,1176622.99,-4659756.18753
1329,13856406.46061,2,1188622.99,-4659756.18753
1330,20784609.69116,2,1200622.99,-4659756.18753
1331,20784609.69067,2,1212622.99,-4659756.18753
1332,41569219.38184,0,1224622.99,-4659756.18753
1333,41569219.38184,0,1236622.99,-4659756.18753
1334,41569219.38184,0,1248622.99,-4659756.18753
1335,41569219.38184,0,1260622.99,-4659756.18753
1336,13856406.46077,0,1272622.99,-4659756.18753
1337,20784609.69067,0,1284622.99,-4659756.18753
1338,10392304.84546,0,1296622.99,-4659756.18753
1339,10392304.84534,0,1308622.99,-4659756.18753
1340,13856406.46061,0,1320622.99,-4659756.18753
1341,13856406.46077,0,1332622.99,-4659756.18753
1342,20784609.69043,0,1344622.99,-4659756.18753
1343,10392304.84534,0,1356622.99,-4659756.18753
1344,10392304.84534,0,1368622.99,-4659756.18753
1345,6945286.09094,0,1380622.99,-4659756.18753
1351,5252974.53809,0,1122622.99,-4663220.28914
1352,20784609.69043,0,1134622.99,-4663220.28914
1353,13856406.46029,0,1146622.99,-4663220.28914
1354,20784609.69116,0,1158622.99,-4663220.28914
1355,41569219.38232,2,1170622.99,-4663220.28914
1356,20784609.69116,2,1182622.99,-4663220.28914
1357,20784609.69043,2,1194622.99,-4663220.28914
1358,20784609.69043,2,1206622.99,-4663220.28914
1359,20784609.69092,0,1218622.99,-4663220.28914
1360,41569219.38184,0,1230622.99,-4663220.28914
1361,41569219.38135,0,1242622.99,-4663220.28914
1362,41569219.38232,0,1254622.99,-4663220.28914
1363,20784609.69067,0,1266622.99,-4663220.28914
1364,10392304.84558,0,1278622.99,-4663220.28914
1365,10392304.84521,0,1290622.99,-4663220.28914
1366,13856406.46045,0,1302622.99,-4663220.28914
1367,20784609.69092,0,1314622.99,-4663220.28914
1368,20784609.69092,0,1326622.99,-4663220.28914
1369,10392304.84583,0,1338622.99,-4663220.28914
1370,10392304.84521,0,1350622.99,-4663220.28914
1371,13856406.46012,2,1362622.99,-4663220.28914
1372,20784609.69116,0,1374622.99,-4663220.28914
1373,409.25537,0,1386622.99,-4663220.28914
1379,8886912.39624,0,1128622.99,-4666684.39076
1380,10392304.84534,0,1140622.99,-4666684.39076
1381,13856406.46045,0,1152622.99,-4666684.39076
1382,41569219.38184,2,1164622.99,-4666684.39076
1383,20784609.69116,2,1176622.99,-4666684.39076
1384,20784609.69067,2,1188622.99,-4666684.39076
1385,41569219.38086,2,1200622.99,-4666684.39076
1386,41569219.38232,0,1212622.99,-4666684.39076
1387,41569219.38184,0,1224622.99,-4666684.39076
1388,41569219.38184,0,1236622.99,-4666684.39076
1389,41569219.38135,0,1248622.99,-4666684.39076
1390,41569219.38184,0,1260622.99,-4666684.39076
1391,20784609.69067,0,1272622.99,-4666684.39076
1392,20784609.69116,0,1284622.99,-4666684.39076
1393,13856406.46045,0,1296622.99,-4666684.39076
1394,10392304.84558,0,1308622.99,-4666684.39076
1395,10392304.84521,0,1320622.99,-4666684.39076
1396,13856406.46045,0,1332622.99,-4666684.39076
1397,20784609.69067,0,1344622.99,-4666684.39076
1398,13856406.46077,0,1356622.99,-4666684.39076
1399,10392304.8457,0,1368622.99,-4666684.39076
1400,9550722.75317,0,1380622.99,-4666684.39076
1406,6559529.74365,0,1122622.99,-4670148.49237
1407,20158651.46484,0,1134622.99,-4670148.49237
1408,13856406.46061,0,1146622.99,-4670148.49237
1409,20784609.69092,0,1158622.99,-4670148.49237
1410,41569219.38184,2,1170622.99,-4670148.49237
1411,20784609.69067,2,1182622.99,-4670148.49237
1412,41569219.38184,2,1194622.99,-4670148.49237
1413,41569219.38135,2,1206622.99,-4670148.49237
1414,41569219.38184,0,1218622.99,-4670148.49237
1415,41569219.38086,0,1230622.99,-4670148.49237
1416,41569219.38184,0,1242622.99,-4670148.49237
1417,41569219.38184,0,1254622.99,-4670148.49237
1418,20784609.69141,0,1266622.99,-4670148.49237
1419,13856406.46077,0,1278622.99,-4670148.49237
1420,10392304.84521,0,1290622.99,-4670148.49237
1421,10392304.8457,0,1302622.99,-4670148.49237
1422,20784609.69067,0,1314622.99,-4670148.49237
1423,10392304.84546,0,1326622.99,-4670148.49237
1424,10392304.84534,0,1338622.99,-4670148.49237
1425,10392304.84558,0,1350622.99,-4670148.49237
1426,10392304.84534,0,1362622.99,-4670148.49237
1427,20784609.69116,0,1374622.99,-4670148.49237
1428,2645293.25537,0,1386622.99,-4670148.49237
1433,4894031.26188,0,1116622.99,-4673612.59399
1434,910003.89323,0,1128622.99,-4673612.59399
1435,20784609.69092,0,1140622.99,-4673612.59399
1436,41569219.38232,0,1152622.99,-4673612.59399
1437,41569219.38135,2,1164622.99,-4673612.59399
1438,20784609.69067,2,1176622.99,-4673612.59399
1439,20784609.69067,2,1188622.99,-4673612.59399
1440,41569219.38232,0,1200622.99,-4673612.59399
1441,41569219.38135,0,1212622.99,-4673612.59399
1442,41569219.38135,0,1224622.99,-4673612.59399
1443,41569219.38135,0,1236622.99,-4673612.59399
1444,41569219.38184,0,1248622.99,-4673612.59399
1445,41569219.38232,0,1260622.99,-4673612.59399
1446,41569219.38135,0,1272622.99,-4673612.59399
1447,41569219.38135,0,1284622.99,-4673612.59399
1448,20784609.69043,0,1296622.99,-4673612.59399
1449,20784609.69116,0,1308622.99,-4673612.59399
1450,20784609.69092,0,1320622.99,-4673612.59399
1451,20784609.69092,0,1332622.99,-4673612.59399
1452,41569219.38135,0,1344622.99,-4673612.59399
1453,20784609.69116,0,1356622.99,-4673612.59399
1454,20784609.69116,0,1368622.99,-4673612.59399
1455,18528141.45117,2,1380622.99,-4673612.59399
1461,2702829.09265,0,1122622.99,-4677076.6956
1462,18947967.61157,0,1134622.99,-4677076.6956
1463,20784609.69092,0,1146622.99,-4677076.6956
1464,41569219.38135,2,1158622.99,-4677076.6956
1465,41569219.38184,2,1170622.99,-4677076.6956
1466,20784609.69043,2,1182622.99,-4677076.6956
1467,41569219.38135,2,1194622.99,-4677076.6956
1468,41569219.38184,0,1206622.99,-4677076.6956
1469,20784609.69043,0,1218622.99,-4677076.6956
1470,20784609.69043,0,1230622.99,-4677076.6956
1471,41569219.38184,0,1242622.99,-4677076.6956
1472,41569219.38135,0,1254622.99,-4677076.6956
1473,20784609.69043,0,1266622.99,-4677076.6956
1474,20784609.69092,0,1278622.99,-4677076.6956
1475,10392304.84521,0,1290622.99,-4677076.6956
1476,13856406.46012,0,1302622.99,-4677076.6956
1477,20784609.69116,0,1314622.99,-4677076.6956
1478,13856406.46029,0,1326622.99,-4677076.6956
1479,13856406.46029,0,1338622.99,-4677076.6956
1480,13856406.46077,0,1350622.99,-4677076.6956
1481,13856406.46045,0,1362622.99,-4677076.6956
1482,20784609.68994,0,1374622.99,-4677076.6956
1488,3475195.03271,0,1116622.99,-4680540.79722
1489,277603.4563,0,1128622.99,-4680540.79722
1490,10392304.84534,0,1140622.99,-4680540.79722
1491,20784609.69067,2,1152622.99,-4680540.79722
1492,41569219.38184,2,1164622.99,-4680540.79722
1493,20784609.69043,2,1176622.99,-4680540.79722
1494,13856406.46061,2,1188622.99,-4680540.79722
1495,41569219.38184,0,1200622.99,-4680540.79722
1496,41569219.38135,0,1212622.99,-4680540.79722
1497,20784609.69092,0,1224622.99,-4680540.79722
1498,41569219.38135,0,1236622.99,-4680540.79722
1499,41569219.38184,0,1248622.99,-4680540.79722
1500,20784609.69092,0,1260622.99,-4680540.79722
1501,20784609.69092,0,1272622.99,-4680540.79722
1502,20784609.69067,0,1284622.99,-4680540.79722
1503,10392304.8457,0,1296622.99,-4680540.79722
1504,10392304.84521,0,1308622.99,-4680540.79722
1505,10392304.84558,0,1320622.99,-4680540.79722
1506,10392304.84546,0,1332622.99,-4680540.79722
1507,41569219.38184,0,1344622.99,-4680540.79722
1508,10392304.84521,0,1356622.99,-4680540.79722
1509,10392304.84546,0,1368622.99,-4680540.79722
1510,5115147.75708,0,1380622.99,-4680540.79722
1516,19089556.19409,0,1122622.99,-4684004.89883
1517,13031167.13379,0,1134622.99,-4684004.89883
1518,20784609.69116,0,1146622.99,-4684004.89883
1519,41569219.38184,2,1158622.99,-4684004.89883
1520,41569219.38086,2,1170622.99,-4684004.89883
1521,41569219.38232,2,1182622.99,-4684004.89883
1522,41569219.38184,2,1194622.99,-4684004.89883
1523,41569219.38086,0,1206622.99,-4684004.89883
1524,20784609.69067,0,1218622.99,-4684004.89883
1525,20784609.69092,0,1230622.99,-4684004.89883
1526,41569219.38135,0,1242622.99,-4684004.89883
1527,41569219.38086,0,1254622.99,-4684004.89883
1528,20784609.69092,0,1266622.99,-4684004.89883
1529,20784609.69092,0,1278622.99,-4684004.89883
1530,20784609.69092,0,1290622.99,-4684004.89883
1531,20784609.69067,0,1302622.99,-4684004.89883
1532,41569219.38184,0,1314622.99,-4684004.89883
1533,20784609.69116,0,1326622.99,-4684004.89883
1534,20784609.69043,0,1338622.99,-4684004.89883
1535,20784609.69116,0,1350622.99,-4684004.89883
1536,20784609.69141,0,1362622.99,-4684004.89883
1537,41569219.38135,0,1374622.99,-4684004.89883
1543,4991252.93066,0,1116622.99,-4687469.00045
1544,3883381.98096,0,1128622.99,-4687469.00045
1545,3440457.07507,2,1140622.99,-4687469.00045
1546,20784609.69092,0,1152622.99,-4687469.00045
1547,41569219.38184,2,1164622.99,-4687469.00045
1548,41569219.38184,2,1176622.99,-4687469.00045
1549,20784609.69092,2,1188622.99,-4687469.00045
1550,41569219.38184,0,1200622.99,-4687469.00045
1551,41569219.38184,0,1212622.99,-4687469.00045
1552,20784609.69092,0,1224622.99,-4687469.00045
1553,20784609.69141,0,1236622.99,-4687469.00045
1554,13856406.46045,0,1248622.99,-4687469.00045
1555,10392304.84546,0,1260622.99,-4687469.00045
1556,20784609.69043,0,1272622.99,-4687469.00045
1557,20784609.69067,0,1284622.99,-4687469.00045
1558,13856406.46029,0,1296622.99,-4687469.00045
1559,10392304.84546,0,1308622.99,-4687469.00045
1560,10392304.84521,0,1320622.99,-4687469.00045
1561,20784609.69092,0,1332622.99,-4687469.00045
1562,41569219.38184,0,1344622.99,-4687469.00045
1563,13856406.46045,0,1356622.99,-4687469.00045
1564,13637541.6626,0,1368622.99,-4687469.00045
1565,7146141.51343,0,1380622.99,-4687469.00045
1571,10392304.84558,0,1122622.99,-4690933.10206
1572,10783541.18506,0,1134622.99,-4690933.10206
1573,7306888.17847,0,1146622.99,-4690933.10206
1574,41569219.38135,2,1158622.99,-4690933.10206
1575,41569219.38232,2,1170622.99,-4690933.10206
1576,41569219.38086,2,1182622.99,-4690933.10206
1577,41569219.38135,2,1194622.99,-4690933.10206
1578,41569219.38184,0,1206622.99,-4690933.10206
1579,13856406.46045,0,1218622.99,-4690933.10206
1580,10392304.84521,0,1230622.99,-4690933.10206
1581,13856406.46045,0,1242622.99,-4690933.10206
1582,20784609.69092,0,1254622.99,-4690933.10206
1583,13856406.46094,0,1266622.99,-4690933.10206
1584,13856406.46061,0,1278622.99,-4690933.10206
1585,10392304.84546,0,1290622.99,-4690933.10206
1586,10392304.84558,0,1302622.99,-4690933.10206
1587,20784609.69092,0,1314622.99,-4690933.10206
1588,13856406.46077,0,1326622.99,-4690933.10206
1589,20784609.69067,0,1338622.99,-4690933.10206
1590,13856406.46061,0,1350622.99,-4690933.10206
1591,3868419.40149,0,1362622.99,-4690933.10206
1592,8300783.64331,0,1374622.99,-4690933.10206
1593,944258.76172,0,1386622.99,-4690933.10206
1598,3015763.1709,0,1116622.99,-4694397.20368
1599,20784609.69092,0,1128622.99,-4694397.20368
1600,527336.8313,0,1140622.99,-4694397.20368
1601,20784609.69092,2,1152622.99,-4694397.20368
1602,41569219.38135,2,1164622.99,-4694397.20368
1603,41569219.38184,2,1176622.99,-4694397.20368
1604,20784609.69067,2,1188622.99,-4694397.20368
1605,41569219.38135,2,1200622.99,-4694397.20368
1606,41569219.38184,0,1212622.99,-4694397.20368
1607,41569219.38135,0,1224622.99,-4694397.20368
1608,20784609.69043,0,1236622.99,-4694397.20368
1609,20784609.69092,0,1248622.99,-4694397.20368
1610,20784609.69092,0,1260622.99,-4694397.20368
1611,20784609.69092,0,1272622.99,-4694397.20368
1612,41569219.38135,0,1284622.99,-4694397.20368
1613,20784609.69141,0,1296622.99,-4694397.20368
1614,20784609.69092,0,1308622.99,-4694397.20368
1615,20784609.69092,0,1320622.99,-4694397.20368
1616,20784609.69067,0,1332622.99,-4694397.20368
1617,41569219.38184,0,1344622.99,-4694397.20368
1618,20784609.69116,0,1356622.99,-4694397.20368
1620,8483706.66927,0,1380622.99,-4694397.20368
1626,10069317.11438,0,1122622.99,-4697861.30529
1627,17648991.48975,0,1134622.99,-4697861.30529
1628,20585660.79492,2,1146622.99,-4697861.30529
1629,41569219.38135,2,1158622.99,-4697861.30529
1630,41569219.38184,2,1170622.99,-4697861.30529
1631,20784609.69067,2,1182622.99,-4697861.30529
1632,41569219.38135,2,1194622.99,-4697861.30529
1633,41569219.38135,2,1206622.99,-4697861.30529
1634,13856406.46045,0,1218622.99,-4697861.30529
1635,10392304.84534,0,1230622.99,-4697861.30529
1636,10392304.84558,0,1242622.99,-4697861.30529
1637,20784609.69067,0,1254622.99,-4697861.30529
1638,13856406.46045,0,1266622.99,-4697861.30529
1639,10392304.84546,0,1278622.99,-4697861.30529
1640,10392304.84546,0,1290622.99,-4697861.30529
1641,10392304.84534,0,1302622.99,-4697861.30529
1642,20784609.69092,0,1314622.99,-4697861.30529
1643,13856406.46061,0,1326622.99,-4697861.30529
1644,10392304.84546,0,1338622.99,-4697861.30529
1645,10392304.84521,0,1350622.99,-4697861.30529
1646,1902684.71997,0,1362622.99,-4697861.30529
1647,3508956.58154,0,1374622.99,-4697861.30529
1648,10755.40308,0,1386622.99,-4697861.30529
1653,1957900.68034,0,1116622.99,-4701325.40691
1654,10392304.84558,0,1128622.99,-4701325.40691
1655,9744104.54199,2,1140622.99,-4701325.40691
1656,20784609.69067,2,1152622.99,-4701325.40691
1657,41569219.38184,2,1164622.99,-4701325.40691
1658,20784609.69067,2,1176622.99,-4701325.40691
1659,13856406.46045,2,1188622.99,-4701325.40691
1660,41569219.38184,2,1200622.99,-4701325.40691
1661,41569219.38135,2,1212622.99,-4701325.40691
1662,20784609.69116,0,1224622.99,-4701325.40691
1663,13856406.46061,0,1236622.99,-4701325.40691
1664,10392304.84546,0,1248622.99,-4701325.40691
1665,10392304.84509,0,1260622.99,-4701325.40691
1666,10392304.84558,0,1272622.99,-4701325.40691
1667,20784609.69067,0,1284622.99,-4701325.40691
1668,13856406.46045,0,1296622.99,-4701325.40691
1669,10392304.84534,0,1308622.99,-4701325.40691
1670,10392304.8457,0,1320622.99,-4701325.40691
1671,10392304.84521,0,1332622.99,-4701325.40691
1672,20784609.69116,0,1344622.99,-4701325.40691
1673,8730059.23877,0,1356622.99,-4701325.40691
1675,6233364.30479,2,1380622.99,-4701325.40691
1681,20148665.95386,0,1122622.99,-4704789.50852
1682,41569219.38184,0,1134622.99,-4704789.50852
1683,41569219.38086,2,1146622.99,-4704789.50852
1684,41569219.38184,2,1158622.99,-4704789.50852
1685,41569219.38086,2,1170622.99,-4704789.50852
1686,20784609.69116,2,1182622.99,-4704789.50852
1687,41569219.38086,2,1194622.99,-4704789.50852
1688,41569219.38184,2,1206622.99,-4704789.50852
1689,20784609.69043,2,1218622.99,-4704789.50852
1690,20784609.69092,0,1230622.99,-4704789.50852
1691,20784609.69043,0,1242622.99,-4704789.50852
1692,41569219.38184,0,1254622.99,-4704789.50852
1693,20784609.69043,0,1266622.99,-4704789.50852
1694,20784609.69092,0,1278622.99,-4704789.50852
1695,20784609.69043,0,1290622.99,-4704789.50852
1696,20784609.69141,0,1302622.99,-4704789.50852
1697,41569219.38086,0,1314622.99,-4704789.50852
1698,20784609.69092,0,1326622.99,-4704789.50852
1699,20784609.69043,0,1338622.99,-4704789.50852
1700,20784609.69092,0,1350622.99,-4704789.50852
1702,12132094.88965,0,1374622.99,-4704789.50852
1708,546701.35913,0,1116622.99,-4708253.61014
1709,10392304.84534,0,1128622.99,-4708253.61014
1710,20784609.69092,2,1140622.99,-4708253.61014
1711,41569219.38184,2,1152622.99,-4708253.61014
1712,41569219.38135,2,1164622.99,-4708253.61014
1713,20784609.69043,2,1176622.99,-4708253.61014
1714,10392304.8457,2,1188622.99,-4708253.61014
1715,20784609.69092,2,1200622.99,-4708253.61014
1716,13856406.46061,2,1212622.99,-4708253.61014
1717,20784609.69092,0,1224622.99,-4708253.61014
1718,13856406.46045,0,1236622.99,-4708253.61014
1719,10392304.84521,0,1248622.99,-4708253.61014
1720,10392304.84546,0,1260622.99,-4708253.61014
1721,10392304.8457,0,1272622.99,-4708253.61014
1722,20784609.69092,0,1284622.99,-4708253.61014
1723,13856406.46077,0,1296622.99,-4708253.61014
1724,10392304.84546,0,1308622.99,-4708253.61014
1725,10392304.84521,0,1320622.99,-4708253.61014
1726,10392304.84546,0,1332622.99,-4708253.61014
1727,20784609.69092,0,1344622.99,-4708253.61014
1728,2278064.98389,0,1356622.99,-4708253.61014
1730,3246521.41016,0,1380622.99,-4708253.61014
1736,7438081.78845,0,1122622.99,-4711717.71175
1737,20784609.69092,0,1134622.99,-4711717.71175
1738,41569219.38184,2,1146622.99,-4711717.71175
1739,41569219.38184,2,1158622.99,-4711717.71175
1740,41569219.38184,2,1170622.99,-4711717.71175
1741,13856406.46077,2,1182622.99,-4711717.71175
1742,20784609.69067,2,1194622.99,-4711717.71175
1743,13856406.46029,2,1206622.99,-4711717.71175
1744,10392304.84521,0,1218622.99,-4711717.71175
1745,10392304.84546,0,1230622.99,-4711717.71175
1746,10392304.84546,0,1242622.99,-4711717.71175
1747,20784609.69116,0,1254622.99,-4711717.71175
1748,13856406.46077,0,1266622.99,-4711717.71175
1749,10392304.84546,0,1278622.99,-4711717.71175
1750,10392304.84546,0,1290622.99,-4711717.71175
1751,10392304.84521,0,1302622.99,-4711717.71175
1752,20784609.69067,0,1314622.99,-4711717.71175
1753,13856406.46061,0,1326622.99,-4711717.71175
1754,10392304.84546,0,1338622.99,-4711717.71175
1755,9486566.63635,0,1350622.99,-4711717.71175
1757,5867785.28141,0,1374622.99,-4711717.71175
1763,446463.87451,0,1116622.99,-4715181.81337
1764,20784609.69067,0,1128622.99,-4715181.81337
1765,41569219.38184,2,1140622.99,-4715181.81337
1766,41569219.38135,0,1152622.99,-4715181.81337
1767,41569219.38232,2,1164622.99,-4715181.81337
1768,20784609.69067,2,1176622.99,-4715181.81337
1769,20784609.69092,2,1188622.99,-4715181.81337
1770,41569219.38135,2,1200622.99,-4715181.81337
1771,20784609.69067,2,1212622.99,-4715181.81337
1772,41569219.38135,0,1224622.99,-4715181.81337
1773,20784609.69067,0,1236622.99,-4715181.81337
1774,20784609.69092,0,1248622.99,-4715181.81337
1775,20784609.69067,0,1260622.99,-4715181.81337
1776,20784609.69116,0,1272622.99,-4715181.81337
1777,41569219.38135,0,1284622.99,-4715181.81337
1778,20784609.69092,0,1296622.99,-4715181.81337
1779,20784609.69067,0,1308622.99,-4715181.81337
1780,20784609.69067,0,1320622.99,-4715181.81337
1781,20784609.69067,0,1332622.99,-4715181.81337
1782,41569219.38135,0,1344622.99,-4715181.81337
1783,1309043.34082,0,1356622.99,-4715181.81337
1785,2458848.17517,0,1380622.99,-4715181.81337
1791,4922973.80261,0,1122622.99,-4718645.91498
1792,41569219.38135,2,1134622.99,-4718645.91498
1793,41569219.38232,0,1146622.99,-4718645.91498
1794,41569219.38135,2,1158622.99,-4718645.91498
1795,20784609.69092,2,1170622.99,-4718645.91498
1796,10392304.84534,2,1182622.99,-4718645.91498
1797,20784609.69043,2,1194622.99,-4718645.91498
1798,20784609.69092,2,1206622.99,-4718645.91498
1799,10392304.84546,0,1218622.99,-4718645.91498
1800,10392304.84558,0,1230622.99,-4718645.91498
1801,10392304.84558,0,1242622.99,-4718645.91498
1802,20784609.69116,0,1254622.99,-4718645.91498
1803,13856406.46077,0,1266622.99,-4718645.91498
1804,10392304.84546,0,1278622.99,-4718645.91498
1805,10392304.84521,0,1290622.99,-4718645.91498
1806,10392304.84546,0,1302622.99,-4718645.91498
1807,20784609.69116,0,1314622.99,-4718645.91498
1808,13856406.46029,0,1326622.99,-4718645.91498
1809,10392304.84558,0,1338622.99,-4718645.91498
1810,5612144.49939,0,1350622.99,-4718645.91498
1812,507224.66162,0,1374622.99,-4718645.91498
1819,12226762.10433,0,1128622.99,-4722110.0166
1820,41569219.38184,2,1140622.99,-4722110.0166
1821,41569219.38184,2,1152622.99,-4722110.0166
1822,41569219.38135,2,1164622.99,-4722110.0166
1823,13856406.46061,2,1176622.99,-4722110.0166
1824,13856406.46045,0,1188622.99,-4722110.0166
1825,20784609.69092,2,1200622.99,-4722110.0166
1826,13856406.46045,2,1212622.99,-4722110.0166
1827,20784609.69067,0,1224622.99,-4722110.0166
1828,13856406.46061,0,1236622.99,-4722110.0166
1829,10392304.84546,0,1248622.99,-4722110.0166
1830,10392304.84558,0,1260622.99,-4722110.0166
1831,10392304.84521,0,1272622.99,-4722110.0166
1832,20784609.69067,0,1284622.99,-4722110.0166
1833,13856406.46045,0,1296622.99,-4722110.0166
1834,10392304.84546,0,1308622.99,-4722110.0166
1835,10392304.84546,0,1320622.99,-4722110.0166
1836,10392304.84558,0,1332622.99,-4722110.0166
1837,20784609.69067,0,1344622.99,-4722110.0166
1846,2597.28613,0,1122622.99,-4725574.11821
1847,41569219.38184,0,1134622.99,-4725574.11821
1848,41569219.38135,0,1146622.99,-4725574.11821
1849,41569219.38184,2,1158622.99,-4725574.11821
1850,20784609.69092,2,1170622.99,-4725574.11821
1851,20784609.69116,0,1182622.99,-4725574.11821
1852,41569219.38184,2,1194622.99,-4725574.11821
1853,20784609.69043,2,1206622.99,-4725574.11821
1854,20784609.69067,0,1218622.99,-4725574.11821
1855,20784609.69116,0,1230622.99,-4725574.11821
1856,20784609.69043,0,1242622.99,-4725574.11821
1857,41569219.38135,0,1254622.99,-4725574.11821
1858,20784609.69116,0,1266622.99,-4725574.11821
1859,20784609.69067,0,1278622.99,-4725574.11821
1860,20784609.69067,0,1290622.99,-4725574.11821
1861,20784609.69116,0,1302622.99,-4725574.11821
1862,41569219.38135,0,1314622.99,-4725574.11821
1863,20784609.69043,0,1326622.99,-4725574.11821
1864,20784609.69092,0,1338622.99,-4725574.11821
1865,10423836.01294,0,1350622.99,-4725574.11821
1874,7436928.70752,0,1128622.99,-4729038.21983
1875,20784609.69116,0,1140622.99,-4729038.21983
1876,41569219.38135,2,1152622.99,-4729038.21983
1877,20784609.69092,2,1164622.99,-4729038.21983
1878,20784609.69092,2,1176622.99,-4729038.21983
1879,41569219.38184,0,1188622.99,-4729038.21983
1880,20784609.69116,0,1200622.99,-4729038.21983
1881,10392304.84546,2,1212622.99,-4729038.21983
1882,20784609.69067,2,1224622.99,-4729038.21983
1883,10392304.8457,0,1236622.99,-4729038.21983
1884,10392304.84558,0,1248622.99,-4729038.21983
1885,10392304.84558,0,1260622.99,-4729038.21983
1886,10392304.84546,0,1272622.99,-4729038.21983
1887,20784609.69067,0,1284622.99,-4729038.21983
1888,10392304.84546,0,1296622.99,-4729038.21983
1889,10392304.84546,0,1308622.99,-4729038.21983
1890,10392304.84534,0,1320622.99,-4729038.21983
1891,10392304.84546,0,1332622.99,-4729038.21983
1892,20372972.45361,0,1344622.99,-4729038.21983
1902,20784609.69043,0,1134622.99,-4732502.32144
1903,41569219.38184,0,1146622.99,-4732502.32144
1904,20784609.69067,2,1158622.99,-4732502.32144
1905,20784609.69067,2,1170622.99,-4732502.32144
1906,20784609.69116,0,1182622.99,-4732502.32144
1907,41569219.38135,0,1194622.99,-4732502.32144
1908,13856406.46077,0,1206622.99,-4732502.32144
1909,10392304.84534,0,1218622.99,-4732502.32144
1910,10392304.84534,2,1230622.99,-4732502.32144
1911,13856406.46045,0,1242622.99,-4732502.32144
1912,20784609.69019,0,1254622.99,-4732502.32144
1913,13856406.46061,0,1266622.99,-4732502.32144
1914,10392304.84534,0,1278622.99,-4732502.32144
1915,10392304.84521,0,1290622.99,-4732502.32144
1916,13856406.46077,0,1302622.99,-4732502.32144
1917,20784609.69067,0,1314622.99,-4732502.32144
1918,13856406.46077,0,1326622.99,-4732502.32144
1919,9093723.02356,0,1338622.99,-4732502.32144
1920,2478321.05615,0,1350622.99,-4732502.32144
1929,7140682.1748,0,1128622.99,-4735966.42306
1930,20784609.69067,0,1140622.99,-4735966.42306
1931,41569219.38184,0,1152622.99,-4735966.42306
1932,41569219.38232,2,1164622.99,-4735966.42306
1933,20784609.69067,0,1176622.99,-4735966.42306
1934,41569219.38184,0,1188622.99,-4735966.42306
1935,41569219.38135,0,1200622.99,-4735966.42306
1936,20784609.69092,2,1212622.99,-4735966.42306
1937,41569219.38184,2,1224622.99,-4735966.42306
1938,20784609.69067,2,1236622.99,-4735966.42306
1939,20784609.69092,0,1248622.99,-4735966.42306
1940,20784609.69043,0,1260622.99,-4735966.42306
1941,20784609.69116,0,1272622.99,-4735966.42306
1942,41569219.38184,0,1284622.99,-4735966.42306
1943,20784609.69067,0,1296622.99,-4735966.42306
1944,20784609.69116,0,1308622.99,-4735966.42306
1945,20784609.69043,0,1320622.99,-4735966.42306
1946,20784609.69092,0,1332622.99,-4735966.42306
1947,7608153.62109,0,1344622.99,-4735966.42306
1948,793321.24414,0,1356622.99,-4735966.42306
1957,20784609.69092,0,1134622.99,-4739430.52467
1958,41569219.38086,0,1146622.99,-4739430.52467
1959,20784609.69092,2,1158622.99,-4739430.52467
1960,41569219.38184,2,1170622.99,-4739430.52467
1961,20784609.69116,0,1182622.99,-4739430.52467
1962,41569219.38184,0,1194622.99,-4739430.52467
1963,20784609.69043,0,1206622.99,-4739430.52467
1964,10392304.84558,0,1218622.99,-4739430.52467
1965,10392304.84558,0,1230622.99,-4739430.52467
1966,10392304.84534,0,1242622.99,-4739430.52467
1967,20784609.69067,0,1254622.99,-4739430.52467
1968,10392304.84521,0,1266622.99,-4739430.52467
1969,10392304.84558,0,1278622.99,-4739430.52467
1970,10392304.84546,0,1290622.99,-4739430.52467
1971,10392304.84534,0,1302622.99,-4739430.52467
1972,20784609.69067,0,1314622.99,-4739430.52467
1973,10392304.84534,0,1326622.99,-4739430.52467
1974,9805037.1427,0,1338622.99,-4739430.52467
1975,1322248.81104,0,1350622.99,-4739430.52467
1984,2776109.69861,0,1128622.99,-4742894.62629
1985,13856406.46045,0,1140622.99,-4742894.62629
1986,41569219.38184,2,1152622.99,-4742894.62629
1987,41569219.38135,2,1164622.99,-4742894.62629
1988,20784609.69141,2,1176622.99,-4742894.62629
1989,41569219.38135,0,1188622.99,-4742894.62629
1990,41569219.38184,0,1200622.99,-4742894.62629
1991,20784609.69092,0,1212622.99,-4742894.62629
1992,20784609.69067,0,1224622.99,-4742894.62629
1993,13856406.46029,0,1236622.99,-4742894.62629
1994,10392304.84546,0,1248622.99,-4742894.62629
1995,10392304.84546,0,1260622.99,-4742894.62629
1996,13856406.46077,0,1272622.99,-4742894.62629
1997,20784609.69043,0,1284622.99,-4742894.62629
1998,13856406.46045,0,1296622.99,-4742894.62629
1999,10392304.84546,0,1308622.99,-4742894.62629
2000,10392304.84558,0,1320622.99,-4742894.62629
2001,13856406.46045,0,1332622.99,-4742894.62629
2002,5495079.02197,0,1344622.99,-4742894.62629
2003,17836071.70313,0,1356622.99,-4742894.62629
2012,41271699.90234,0,1134622.99,-4746358.72791
2013,41569219.38184,0,1146622.99,-4746358.72791
2014,20784609.69067,2,1158622.99,-4746358.72791
2015,41569219.38135,2,1170622.99,-4746358.72791
2016,20784609.69043,2,1182622.99,-4746358.72791
2017,41569219.38184,0,1194622.99,-4746358.72791
2018,41569219.38184,0,1206622.99,-4746358.72791
2019,20784609.69092,2,1218622.99,-4746358.72791
2020,20784609.69043,0,1230622.99,-4746358.72791
2021,20784609.69092,0,1242622.99,-4746358.72791
2022,41569219.38184,0,1254622.99,-4746358.72791
2023,20784609.69067,0,1266622.99,-4746358.72791
2024,20784609.69092,0,1278622.99,-4746358.72791
2025,20784609.69067,0,1290622.99,-4746358.72791
2026,20784609.69043,0,1302622.99,-4746358.72791
2027,41569219.38184,0,1314622.99,-4746358.72791
2028,20784609.69116,0,1326622.99,-4746358.72791
2029,20784609.69092,0,1338622.99,-4746358.72791
2030,8362113.39453,0,1350622.99,-4746358.72791
2031,1807426.15576,0,1362622.99,-4746358.72791
2039,465872.33105,0,1128622.99,-4749822.82952
2040,10392304.84546,0,1140622.99,-4749822.82952
2041,20784609.69092,2,1152622.99,-4749822.82952
2042,20784609.69067,2,1164622.99,-4749822.82952
2043,20784609.69092,2,1176622.99,-4749822.82952
2044,41569219.38135,0,1188622.99,-4749822.82952
2045,41569219.38232,0,1200622.99,-4749822.82952
2046,41569219.38135,0,1212622.99,-4749822.82952
2047,20784609.69092,0,1224622.99,-4749822.82952
2048,10392304.84534,0,1236622.99,-4749822.82952
2049,10392304.84534,0,1248622.99,-4749822.82952
2050,10392304.84546,0,1260622.99,-4749822.82952
2051,10392304.8457,0,1272622.99,-4749822.82952
2052,20784609.69092,0,1284622.99,-4749822.82952
2053,10392304.84534,0,1296622.99,-4749822.82952
2054,10392304.84521,0,1308622.99,-4749822.82952
2055,10392304.84521,0,1320622.99,-4749822.82952
2056,10392304.84546,0,1332622.99,-4749822.82952
2057,5590199.48218,0,1344622.99,-4749822.82952
2058,5598572.83105,0,1356622.99,-4749822.82952
2067,355745.29004,0,1134622.99,-4753286.93114
2068,20784609.69116,0,1146622.99,-4753286.93114
2069,20784609.69043,2,1158622.99,-4753286.93114
2070,20784609.69116,2,1170622.99,-4753286.93114
2071,20784609.69043,2,1182622.99,-4753286.93114
2072,41569219.38184,0,1194622.99,-4753286.93114
2073,41569219.38135,0,1206622.99,-4753286.93114
2074,20784609.69092,2,1218622.99,-4753286.93114
2075,10392304.84546,2,1230622.99,-4753286.93114
2076,13856406.46061,0,1242622.99,-4753286.93114
2077,20784609.69067,0,1254622.99,-4753286.93114
2078,13856406.46061,0,1266622.99,-4753286.93114
2079,10392304.84546,0,1278622.99,-4753286.93114
2080,10392304.84509,0,1290622.99,-4753286.93114
2081,13037160.45801,0,1302622.99,-4753286.93114
2082,20784609.69043,0,1314622.99,-4753286.93114
2083,13856406.46029,0,1326622.99,-4753286.93114
2084,8940637.82483,0,1338622.99,-4753286.93114
2085,11079946.2063,0,1350622.99,-4753286.93114
2095,14345384.0437,0,1140622.99,-4756751.03275
2096,20784609.69067,2,1152622.99,-4756751.03275
2097,41569219.38135,2,1164622.99,-4756751.03275
2098,13856406.46061,2,1176622.99,-4756751.03275
2099,41569219.38184,2,1188622.99,-4756751.03275
2100,41569219.38086,2,1200622.99,-4756751.03275
2101,41569219.38184,2,1212622.99,-4756751.03275
2102,20784609.69092,2,1224622.99,-4756751.03275
2103,13856406.46061,0,1236622.99,-4756751.03275
2104,10392304.84534,0,1248622.99,-4756751.03275
2105,10392304.84534,0,1260622.99,-4756751.03275
2106,13856406.46045,0,1272622.99,-4756751.03275
2107,20784609.69067,0,1284622.99,-4756751.03275
2108,13293213.00911,0,1296622.99,-4756751.03275
2109,11192300.76782,0,1308622.99,-4756751.03275
2110,10392304.84534,0,1320622.99,-4756751.03275
2111,13856345.55729,0,1332622.99,-4756751.03275
2112,196383.8811,0,1344622.99,-4756751.03275
2113,1467346.36084,0,1356622.99,-4756751.03275
2122,3139374.78223,0,1134622.99,-4760215.13437
2123,13485890.95133,2,1146622.99,-4760215.13437
2124,41569219.38232,2,1158622.99,-4760215.13437
2125,13856406.46045,2,1170622.99,-4760215.13437
2126,13856406.46029,2,1182622.99,-4760215.13437
2127,41569219.38135,2,1194622.99,-4760215.13437
2128,41569219.38135,0,1206622.99,-4760215.13437
2129,20784609.69067,2,1218622.99,-4760215.13437
2130,10392304.84534,2,1230622.99,-4760215.13437
2131,10392304.84546,0,1242622.99,-4760215.13437
2132,20784609.69067,0,1254622.99,-4760215.13437
2133,10392304.84546,2,1266622.99,-4760215.13437
2134,10392304.84546,2,1278622.99,-4760215.13437
2135,5760831.30729,0,1290622.99,-4760215.13437
2136,4690986.95776,0,1302622.99,-4760215.13437
2137,11966306.71517,0,1314622.99,-4760215.13437
2138,10392304.8457,0,1326622.99,-4760215.13437
2139,390048.19775,0,1338622.99,-4760215.13437
2150,50371.96436,0,1140622.99,-4763679.23598
2151,20784609.69067,2,1152622.99,-4763679.23598
2152,41569219.38135,2,1164622.99,-4763679.23598
2153,20784609.69092,2,1176622.99,-4763679.23598
2154,41569219.38184,2,1188622.99,-4763679.23598
2155,41569219.38184,2,1200622.99,-4763679.23598
2156,41569219.38184,2,1212622.99,-4763679.23598
2157,41569219.38184,2,1224622.99,-4763679.23598
2158,20784609.69116,0,1236622.99,-4763679.23598
2159,20784609.69092,0,1248622.99,-4763679.23598
2160,20784609.69067,0,1260622.99,-4763679.23598
2161,20784609.69043,2,1272622.99,-4763679.23598
2162,41569219.38184,0,1284622.99,-4763679.23598
2163,19724431.17554,0,1296622.99,-4763679.23598
2164,2986571.29492,0,1308622.99,-4763679.23598
2165,20784609.69092,0,1320622.99,-4763679.23598
2166,7167805.2561,0,1332622.99,-4763679.23598
2178,3206109.6166,0,1146622.99,-4767143.3376
2179,13856406.46077,2,1158622.99,-4767143.3376
2180,13856406.46029,2,1170622.99,-4767143.3376
2181,13856406.46029,2,1182622.99,-4767143.3376
2182,20784609.69092,2,1194622.99,-4767143.3376
2183,20784609.69067,0,1206622.99,-4767143.3376
2184,10392304.84558,2,1218622.99,-4767143.3376
2185,10392304.8457,2,1230622.99,-4767143.3376
2186,13856406.46045,0,1242622.99,-4767143.3376
2187,20784609.69067,0,1254622.99,-4767143.3376
2188,13856406.46061,0,1266622.99,-4767143.3376
2189,10392304.84521,2,1278622.99,-4767143.3376
2190,3384169.53672,0,1290622.99,-4767143.3376
2191,5523062.10913,0,1302622.99,-4767143.3376
2192,20936339.48291,0,1314622.99,-4767143.3376
2193,13711474.92952,0,1326622.99,-4767143.3376
2194,3555390.92737,0,1338622.99,-4767143.3376
2206,10162532.32629,0,1152622.99,-4770607.43921
2207,20784609.69067,2,1164622.99,-4770607.43921
2208,10392304.84558,2,1176622.99,-4770607.43921
2209,13856406.46029,2,1188622.99,-4770607.43921
2210,13856406.46045,2,1200622.99,-4770607.43921
2211,13856406.46045,2,1212622.99,-4770607.43921
2212,20784609.69067,2,1224622.99,-4770607.43921
2213,10392304.84534,0,1236622.99,-4770607.43921
2214,10392304.84558,0,1248622.99,-4770607.43921
2215,10392304.84558,0,1260622.99,-4770607.43921
2216,10392304.84521,0,1272622.99,-4770607.43921
2217,20784609.69067,0,1284622.99,-4770607.43921
2218,2804725.93506,0,1296622.99,-4770607.43921
2220,2253886.81828,0,1320622.99,-4770607.43921
2221,4640632.65518,0,1332622.99,-4770607.43921
2222,2963563.95728,0,1344622.99,-4770607.43921
2233,2540392.36182,0,1146622.99,-4774071.54083
2234,20784609.69092,2,1158622.99,-4774071.54083
2235,41569219.38232,2,1170622.99,-4774071.54083
2236,20784609.69043,2,1182622.99,-4774071.54083
2237,41569219.38135,2,1194622.99,-4774071.54083
2238,20784609.69116,2,1206622.99,-4774071.54083
2239,20784609.69067,2,1218622.99,-4774071.54083
2240,20784609.69067,0,1230622.99,-4774071.54083
2241,20784609.69116,0,1242622.99,-4774071.54083
2242,41569219.38135,0,1254622.99,-4774071.54083
2243,20784609.69067,0,1266622.99,-4774071.54083
2244,20784609.69116,0,1278622.99,-4774071.54083
2245,2557772.49089,0,1290622.99,-4774071.54083
2246,18577773.09058,0,1302622.99,-4774071.54083
2247,5189454.52051,0,1314622.99,-4774071.54083
2248,2296943.02246,0,1326622.99,-4774071.54083
2249,20548960.95435,0,1338622.99,-4774071.54083
2261,10451725.8208,0,1152622.99,-4777535.64244
2262,20784609.69092,2,1164622.99,-4777535.64244
2263,13856406.46061,2,1176622.99,-4777535.64244
2264,13856406.46045,2,1188622.99,-4777535.64244
2265,13856406.46061,2,1200622.99,-4777535.64244
2266,13856406.46061,2,1212622.99,-4777535.64244
2267,20784609.69116,2,1224622.99,-4777535.64244
2268,20784609.69067,0,1236622.99,-4777535.64244
2269,10392304.84546,0,1248622.99,-4777535.64244
2270,10392304.84521,0,1260622.99,-4777535.64244
2271,13856406.46045,0,1272622.99,-4777535.64244
2272,10843634.09961,0,1284622.99,-4777535.64244
2273,2346535.11689,0,1296622.99,-4777535.64244
2274,1538412.08936,0,1308622.99,-4777535.64244
2275,5272575.37061,0,1320622.99,-4777535.64244
2276,10660068.26839,0,1332622.99,-4777535.64244
2277,5897293.81421,0,1344622.99,-4777535.64244
2289,8132987.24385,2,1158622.99,-4780999.74406
2290,13856406.46045,2,1170622.99,-4780999.74406
2291,10392304.84534,2,1182622.99,-4780999.74406
2292,20784609.69092,2,1194622.99,-4780999.74406
2293,13856406.46045,2,1206622.99,-4780999.74406
2294,13856406.45996,2,1218622.99,-4780999.74406
2295,20784609.69092,0,1230622.99,-4780999.74406
2296,13856406.46045,0,1242622.99,-4780999.74406
2297,20784609.69092,0,1254622.99,-4780999.74406
2298,10392304.8457,0,1266622.99,-4780999.74406
2299,9711841.77539,0,1278622.99,-4780999.74406
2300,655819.20234,0,1290622.99,-4780999.74406
2301,3667129.58582,0,1302622.99,-4780999.74406
2302,9913752.61344,0,1314622.99,-4780999.74406
2303,290051.03483,0,1326622.99,-4780999.74406
2304,8648853.51575,0,1338622.99,-4780999.74406
2316,1739836.49121,0,1152622.99,-4784463.84567
2317,40926420.06055,2,1164622.99,-4784463.84567
2318,20784609.69116,2,1176622.99,-4784463.84567
2319,41569219.38184,2,1188622.99,-4784463.84567
2320,41569219.38135,2,1200622.99,-4784463.84567
2321,41569219.38184,2,1212622.99,-4784463.84567
2322,41569219.38232,2,1224622.99,-4784463.84567
2323,20784609.69092,0,1236622.99,-4784463.84567
2324,20784609.69067,0,1248622.99,-4784463.84567
2325,20426733.27612,0,1260622.99,-4784463.84567
2326,20784609.69092,0,1272622.99,-4784463.84567
2327,5190227.12874,0,1284622.99,-4784463.84567
2328,4125853.38916,0,1296622.99,-4784463.84567
2329,3747706.50049,0,1308622.99,-4784463.84567
2330,8500538.14714,0,1320622.99,-4784463.84567
2331,10058211.23307,0,1332622.99,-4784463.84567
2344,7689307.36853,2,1158622.99,-4787927.94729
2345,9862087.74658,2,1170622.99,-4787927.94729
2346,13856406.46094,2,1182622.99,-4787927.94729
2347,41569219.38184,2,1194622.99,-4787927.94729
2348,41569219.38184,2,1206622.99,-4787927.94729
2349,41569219.38135,2,1218622.99,-4787927.94729
2350,41569219.38184,0,1230622.99,-4787927.94729
2351,13856406.46061,0,1242622.99,-4787927.94729
2352,8257186.93982,0,1254622.99,-4787927.94729
2353,13856406.46029,0,1266622.99,-4787927.94729
2354,8627655.69153,0,1278622.99,-4787927.94729
2355,3903395.15552,0,1290622.99,-4787927.94729
2357,17234706.80737,0,1314622.99,-4787927.94729
2358,8124241.26969,0,1326622.99,-4787927.94729
2359,7513284.85352,0,1338622.99,-4787927.94729
2372,15342377.74609,2,1164622.99,-4791392.0489
2373,13856406.46029,2,1176622.99,-4791392.0489
2374,41569219.38184,2,1188622.99,-4791392.0489
2375,41569219.38232,2,1200622.99,-4791392.0489
2376,41569219.38086,2,1212622.99,-4791392.0489
2377,41569219.38184,2,1224622.99,-4791392.0489
2378,20784609.69067,0,1236622.99,-4791392.0489
2379,10392304.84534,0,1248622.99,-4791392.0489
2380,10256737.59497,0,1260622.99,-4791392.0489
2381,10392304.84558,0,1272622.99,-4791392.0489
2382,8133372.90202,0,1284622.99,-4791392.0489
2385,7062281.59736,0,1320622.99,-4791392.0489
2386,10337546.79321,0,1332622.99,-4791392.0489
2399,7289908.5249,0,1158622.99,-4794856.15052
2400,12178736.82251,2,1170622.99,-4794856.15052
2401,20784609.69067,2,1182622.99,-4794856.15052
2402,41569219.38135,2,1194622.99,-4794856.15052
2403,41569219.38135,2,1206622.99,-4794856.15052
2404,41569219.38135,2,1218622.99,-4794856.15052
2405,41569219.38184,0,1230622.99,-4794856.15052
2406,20784609.69092,0,1242622.99,-4794856.15052
2407,3114427.76416,0,1254622.99,-4794856.15052
2408,680162.86865,0,1266622.99,-4794856.15052
2409,8915901.37354,0,1278622.99,-4794856.15052
2410,10526782.30396,0,1290622.99,-4794856.15052
2412,4414754.323,0,1314622.99,-4794856.15052
2413,20013084.67505,0,1326622.99,-4794856.15052
2414,11686053.79443,0,1338622.99,-4794856.15052
2427,4452931.62207,0,1164622.99,-4798320.25213
2428,20784609.69092,2,1176622.99,-4798320.25213
2429,41569219.38184,2,1188622.99,-4798320.25213
2430,41569219.38184,2,1200622.99,-4798320.25213
2431,41569219.38184,2,1212622.99,-4798320.25213
2432,41569219.38184,2,1224622.99,-4798320.25213
2433,20784609.69092,0,1236622.99,-4798320.25213
2434,10392304.84534,0,1248622.99,-4798320.25213
2435,3390429.63436,0,1260622.99,-4798320.25213
2436,10392304.84546,0,1272622.99,-4798320.25213
2437,2078166.09033,0,1284622.99,-4798320.25213
2440,10392304.84534,0,1320622.99,-4798320.25213
2441,2792551.55918,0,1332622.99,-4798320.25213
2442,276482.07666,0,1344622.99,-4798320.25213
2455,1482119.45764,0,1170622.99,-4801784.35375
2456,20784609.69116,2,1182622.99,-4801784.35375
2457,41569219.38135,2,1194622.99,-4801784.35375
2458,41569219.38232,2,1206622.99,-4801784.35375
2459,41569219.38232,2,1218622.99,-4801784.35375
2460,41569219.38135,2,1230622.99,-4801784.35375
2461,13856406.46029,0,1242622.99,-4801784.35375
2462,20784609.69116,0,1254622.99,-4801784.35375
2463,6780367.84017,0,1266622.99,-4801784.35375
2464,3717711.76624,0,1278622.99,-4801784.35375
2465,6439060.922,0,1290622.99,-4801784.35375
2467,2628884.38818,0,1314622.99,-4801784.35375
2468,9667231.69922,0,1326622.99,-4801784.35375
2469,5812509.32996,0,1338622.99,-4801784.35375
2482,3923317.11182,0,1164622.99,-4805248.45536
2483,20784609.69067,2,1176622.99,-4805248.45536
2484,41569219.38184,2,1188622.99,-4805248.45536
2485,41569219.38184,2,1200622.99,-4805248.45536
2486,41569219.38184,2,1212622.99,-4805248.45536
2487,41569219.38135,2,1224622.99,-4805248.45536
2488,20784609.69116,0,1236622.99,-4805248.45536
2489,20784609.69092,0,1248622.99,-4805248.45536
2490,16319295.33203,0,1260622.99,-4805248.45536
2491,10814154.6167,0,1272622.99,-4805248.45536
2492,393583.88089,0,1284622.99,-4805248.45536
2495,6986107.38208,0,1320622.99,-4805248.45536
2496,2359883.91781,0,1332622.99,-4805248.45536
2510,4477856.71016,2,1170622.99,-4808712.55698
2511,10392304.84558,0,1182622.99,-4808712.55698
2512,20784609.69092,2,1194622.99,-4808712.55698
2513,41569219.38086,2,1206622.99,-4808712.55698
2514,41569219.38232,2,1218622.99,-4808712.55698
2515,41569219.38184,2,1230622.99,-4808712.55698
2516,13856406.46077,0,1242622.99,-4808712.55698
2517,11916878.85872,0,1254622.99,-4808712.55698
2519,7372107.9375,0,1278622.99,-4808712.55698
2524,2977591.56201,0,1338622.99,-4808712.55698
2538,13856406.46029,2,1176622.99,-4812176.65859
2539,20784609.69067,2,1188622.99,-4812176.65859
2540,20784609.69092,2,1200622.99,-4812176.65859
2541,41569219.38184,2,1212622.99,-4812176.65859
2542,41569219.38135,2,1224622.99,-4812176.65859
2543,20784609.69067,2,1236622.99,-4812176.65859
2544,10392304.84521,0,1248622.99,-4812176.65859
2545,2290258.14917,0,1260622.99,-4812176.65859
2546,10566799.4917,0,1272622.99,-4812176.65859
2547,2996967.53369,0,1284622.99,-4812176.65859
2565,7133945.98145,0,1170622.99,-4815640.76021
2566,20783215.9353,2,1182622.99,-4815640.76021
2567,41569219.38184,2,1194622.99,-4815640.76021
2568,41569219.38184,2,1206622.99,-4815640.76021
2569,41569219.38184,2,1218622.99,-4815640.76021
2570,41569219.38135,2,1230622.99,-4815640.76021
2571,20784609.69067,0,1242622.99,-4815640.76021
2572,36304348.67822,0,1254622.99,-4815640.76021
2573,315682.15055,0,1266622.99,-4815640.76021
2574,20749452.99902,0,1278622.99,-4815640.76021
2593,8094757.59248,2,1176622.99,-4819104.86182
2594,13471312.62915,0,1188622.99,-4819104.86182
2595,10382249.73669,2,1200622.99,-4819104.86182
2596,13856406.46061,2,1212622.99,-4819104.86182
2597,41569219.38135,2,1224622.99,-4819104.86182
2598,13856406.46061,2,1236622.99,-4819104.86182
2599,9944109.56787,0,1248622.99,-4819104.86182
2600,2199371.87085,0,1260622.99,-4819104.86182
2601,5521936.1189,0,1272622.99,-4819104.86182
2602,11303787.83618,0,1284622.99,-4819104.86182
2620,0,0,1170622.99,-4822568.96344
2621,1738855.02686,0,1182622.99,-4822568.96344
2622,8581793.68018,2,1194622.99,-4822568.96344
2623,13329340.16797,2,1206622.99,-4822568.96344
2624,20784609.69092,2,1218622.99,-4822568.96344
2625,41569219.38086,2,1230622.99,-4822568.96344
2626,13856406.46061,0,1242622.99,-4822568.96344
2627,2768646.8728,0,1254622.99,-4822568.96344
2628,2978923.54167,0,1266622.99,-4822568.96344
2629,10349300.6499,0,1278622.99,-4822568.96344
2648,5184629.77295,0,1176622.99,-4826033.06505
2649,673349.4126,0,1188622.99,-4826033.06505
2650,3475608.76807,0,1200622.99,-4826033.06505
2651,8853674.13745,0,1212622.99,-4826033.06505
2652,41569219.38184,2,1224622.99,-4826033.06505
2653,20784609.69092,2,1236622.99,-4826033.06505
2654,17451036.75903,0,1248622.99,-4826033.06505
2656,3644742.25358,0,1272622.99,-4826033.06505
2657,725424.3374,0,1284622.99,-4826033.06505
2678,375944.0957,0,1206622.99,-4829497.16667
2679,2614885.72471,0,1218622.99,-4829497.16667
2680,13856406.46029,2,1230622.99,-4829497.16667
2681,7109942.48994,0,1242622.99,-4829497.16667
2683,1897865.30794,0,1266622.99,-4829497.16667
2684,3553571.55257,2,1278622.99,-4829497.16667
2707,2236394.83838,0,1224622.99,-4832961.26828
2708,13649554.67773,2,1236622.99,-4832961.26828
2709,555101.22656,0,1248622.99,-4832961.26828
2735,12468780.22021,2,1230622.99,-4836425.3699
2736,14817451.15137,0,1242622.99,-4836425.3699
2762,520728.93701,0,1224622.99,-4839889.47151
2763,1766969.62769,0,1236622.99,-4839889.47151
2791,86578.43604,0,1242622.99,-4843353.57313
